5.999999999999999778e-01 5.000000000000000278e-02 1.979914421715895864e-02
5.999999999999999778e-01 1.000000000000000056e-01 2.035728058017297754e-02
5.999999999999999778e-01 1.499999999999999944e-01 1.549382949750293184e-02
5.999999999999999778e-01 2.000000000000000111e-01 1.453511682705129968e-02
5.999999999999999778e-01 2.500000000000000000e-01 2.506339699871209734e-02
5.999999999999999778e-01 2.999999999999999889e-01 1.336403430304627070e-02
5.999999999999999778e-01 3.499999999999999778e-01 8.420395318823147360e-03
5.999999999999999778e-01 4.000000000000000222e-01 1.009916278664885723e-02
5.999999999999999778e-01 4.500000000000000111e-01 9.645173561523119610e-03
5.999999999999999778e-01 5.000000000000000000e-01 3.311456704378044208e-02
5.999999999999999778e-01 5.500000000000000444e-01 2.503311951513599587e-02
5.999999999999999778e-01 5.999999999999999778e-01 1.055287550398718681e-02
5.999999999999999778e-01 6.500000000000000222e-01 1.486123140135598396e-02
5.999999999999999778e-01 6.999999999999999556e-01 9.271127948749305347e-03
5.999999999999999778e-01 7.500000000000000000e-01 8.189553019560185526e-03
5.999999999999999778e-01 8.000000000000000444e-01 1.707085869595059702e-02
5.999999999999999778e-01 8.499999999999999778e-01 5.640182099292211093e-02
5.999999999999999778e-01 9.000000000000000222e-01 4.378086352860924985e-02
5.999999999999999778e-01 9.499999999999999556e-01 7.101118740906356974e-01
5.999999999999999778e-01 1.000000000000000000e+00 8.168487429178381554e-01
5.999999999999999778e-01 1.050000000000000044e+00 1.336210582192864649e-01
5.999999999999999778e-01 1.100000000000000089e+00 7.934778924870150574e-02
5.999999999999999778e-01 1.149999999999999911e+00 1.389653439114982014e-01
5.999999999999999778e-01 1.199999999999999956e+00 1.393775004861540490e-01
5.999999999999999778e-01 1.250000000000000000e+00 1.099265416256510752e-01
5.999999999999999778e-01 1.300000000000000044e+00 1.298772247467786523e-01
5.999999999999999778e-01 1.350000000000000089e+00 1.451581988990616745e-01
5.999999999999999778e-01 1.399999999999999911e+00 1.730024190003581763e-01
5.999999999999999778e-01 1.449999999999999956e+00 4.513786821017929385e-01
5.999999999999999778e-01 1.500000000000000000e+00 3.331398695354874651e-01
5.999999999999999778e-01 1.550000000000000044e+00 4.690930018485141573e-01
5.999999999999999778e-01 1.600000000000000089e+00 6.032902503512663772e-01
5.999999999999999778e-01 1.649999999999999911e+00 6.363600068471576554e-01
5.999999999999999778e-01 1.699999999999999956e+00 1.000000000000000000e+00
5.999999999999999778e-01 1.750000000000000000e+00 4.609347778957272879e-01
5.999999999999999778e-01 1.800000000000000044e+00 3.902454766012901644e-01
5.999999999999999778e-01 1.850000000000000089e+00 2.146541675304312891e-01
5.999999999999999778e-01 1.899999999999999911e+00 2.097993649426818930e-01
5.999999999999999778e-01 1.949999999999999956e+00 8.007900004701314078e-02
5.999999999999999778e-01 2.000000000000000000e+00 6.091536776031713368e-02
5.999999999999999778e-01 2.049999999999999822e+00 5.468449323844985777e-02
5.999999999999999778e-01 2.100000000000000089e+00 9.061780119652423915e-02
5.999999999999999778e-01 2.149999999999999911e+00 4.028714049862735375e-02
5.999999999999999778e-01 2.200000000000000178e+00 4.638050093186357747e-02
5.999999999999999778e-01 2.250000000000000000e+00 5.751864325942316475e-02
5.999999999999999778e-01 2.299999999999999822e+00 4.615113620285540841e-02
5.999999999999999778e-01 2.350000000000000089e+00 6.401373324786609198e-02
5.999999999999999778e-01 2.399999999999999911e+00 5.129593857512753513e-02
5.999999999999999778e-01 2.450000000000000178e+00 8.775416748773633147e-02
5.999999999999999778e-01 2.500000000000000000e+00 5.999656520598408566e-02
5.999999999999999778e-01 2.549999999999999822e+00 6.043921351390998953e-02
5.999999999999999778e-01 2.600000000000000089e+00 4.929925557595947472e-02
5.999999999999999778e-01 2.649999999999999911e+00 3.873858747945427283e-02
5.999999999999999778e-01 2.700000000000000178e+00 4.163939617532158577e-02
5.999999999999999778e-01 2.750000000000000000e+00 3.064453544072847160e-02
5.999999999999999778e-01 2.799999999999999822e+00 4.222527977472773780e-02
5.999999999999999778e-01 2.850000000000000089e+00 2.619589843300299675e-02
5.999999999999999778e-01 2.899999999999999911e+00 4.307365157235057418e-02
5.999999999999999778e-01 2.950000000000000178e+00 4.696331364640962680e-02
5.999999999999999778e-01 3.000000000000000000e+00 3.860588389412486499e-02
5.999999999999999778e-01 3.049999999999999822e+00 2.720283379240323249e-02
5.999999999999999778e-01 3.100000000000000089e+00 5.057723505286610549e-02
5.999999999999999778e-01 3.149999999999999911e+00 6.195344522864248277e-02
5.999999999999999778e-01 3.200000000000000178e+00 8.918093676883105669e-02
5.999999999999999778e-01 3.250000000000000000e+00 1.195704971322475718e-01
5.999999999999999778e-01 3.299999999999999822e+00 1.747026708200438982e-01
5.999999999999999778e-01 3.350000000000000089e+00 1.592441754235242035e-01
5.999999999999999778e-01 3.399999999999999911e+00 1.501402290312476295e-01
5.999999999999999778e-01 3.450000000000000178e+00 7.624390879476507232e-02
5.999999999999999778e-01 3.500000000000000000e+00 6.460129589960671159e-02
5.999999999999999778e-01 3.549999999999999822e+00 1.797997797692036659e-01
5.999999999999999778e-01 3.600000000000000089e+00 1.043636608561030049e-01
5.999999999999999778e-01 3.649999999999999911e+00 2.657261273515036312e-02
5.999999999999999778e-01 3.700000000000000178e+00 1.168345829056910076e-02
5.999999999999999778e-01 3.750000000000000000e+00 7.872130125545804408e-03
5.999999999999999778e-01 3.799999999999999822e+00 6.323545096188799841e-03
5.999999999999999778e-01 3.850000000000000089e+00 6.836043893372661419e-03
5.999999999999999778e-01 3.899999999999999911e+00 3.994410298967488240e-03
5.999999999999999778e-01 3.950000000000000178e+00 2.420931758495108513e-02
5.999999999999999778e-01 4.000000000000000000e+00 0.000000000000000000e+00
1.000000000000000000e+00 5.000000000000000278e-02 1.479658305841380231e-03
1.000000000000000000e+00 1.000000000000000056e-01 7.138380697462085424e-04
1.000000000000000000e+00 1.499999999999999944e-01 6.167586512572355512e-04
1.000000000000000000e+00 2.000000000000000111e-01 5.235816455364910834e-04
1.000000000000000000e+00 2.500000000000000000e-01 7.789568962776121600e-04
1.000000000000000000e+00 2.999999999999999889e-01 7.948999183291365371e-04
1.000000000000000000e+00 3.499999999999999778e-01 4.748979531974751103e-04
1.000000000000000000e+00 4.000000000000000222e-01 6.727199882673855777e-04
1.000000000000000000e+00 4.500000000000000111e-01 5.191889790556097678e-04
1.000000000000000000e+00 5.000000000000000000e-01 9.117030203098545286e-04
1.000000000000000000e+00 5.500000000000000444e-01 9.052844338100503969e-04
1.000000000000000000e+00 5.999999999999999778e-01 8.372039613487112630e-04
1.000000000000000000e+00 6.500000000000000222e-01 7.660026325500643050e-04
1.000000000000000000e+00 6.999999999999999556e-01 8.752752893178853072e-04
1.000000000000000000e+00 7.500000000000000000e-01 8.912186596904283055e-04
1.000000000000000000e+00 8.000000000000000444e-01 1.087447429456854476e-03
1.000000000000000000e+00 8.499999999999999778e-01 9.298658780799170338e-04
1.000000000000000000e+00 9.000000000000000222e-01 4.658680953537973194e-04
1.000000000000000000e+00 9.499999999999999556e-01 1.033543949217910051e-03
1.000000000000000000e+00 1.000000000000000000e+00 7.614121830031802575e-04
1.000000000000000000e+00 1.050000000000000044e+00 1.218560804041745769e-03
1.000000000000000000e+00 1.100000000000000089e+00 8.133465122271734933e-04
1.000000000000000000e+00 1.149999999999999911e+00 7.583339301594018995e-04
1.000000000000000000e+00 1.199999999999999956e+00 1.193190552020687197e-03
1.000000000000000000e+00 1.250000000000000000e+00 9.584206244553947034e-04
1.000000000000000000e+00 1.300000000000000044e+00 8.999121934486948877e-04
1.000000000000000000e+00 1.350000000000000089e+00 8.948366589227566177e-04
1.000000000000000000e+00 1.399999999999999911e+00 8.562346929793241941e-04
1.000000000000000000e+00 1.449999999999999956e+00 8.237528619583659806e-04
1.000000000000000000e+00 1.500000000000000000e+00 7.015132078268473828e-04
1.000000000000000000e+00 1.550000000000000044e+00 1.031348738322993312e-03
1.000000000000000000e+00 1.600000000000000089e+00 1.182940077371233715e-03
1.000000000000000000e+00 1.649999999999999911e+00 5.843600430533539818e-04
1.000000000000000000e+00 1.699999999999999956e+00 1.079263621315308241e-03
1.000000000000000000e+00 1.750000000000000000e+00 1.050706928907271191e-03
1.000000000000000000e+00 1.800000000000000044e+00 2.944084152929144493e-01
1.000000000000000000e+00 1.850000000000000089e+00 2.671450525605727488e-01
1.000000000000000000e+00 1.899999999999999911e+00 1.554494549294435299e-02
1.000000000000000000e+00 1.949999999999999956e+00 7.411101782626335066e-03
1.000000000000000000e+00 2.000000000000000000e+00 5.044351187088224123e-03
1.000000000000000000e+00 2.049999999999999822e+00 1.267076457151457280e-02
1.000000000000000000e+00 2.100000000000000089e+00 1.081756836588965674e-02
1.000000000000000000e+00 2.149999999999999911e+00 7.042350863798336850e-03
1.000000000000000000e+00 2.200000000000000178e+00 6.988365926193284249e-03
1.000000000000000000e+00 2.250000000000000000e+00 1.500962409762233128e-02
1.000000000000000000e+00 2.299999999999999822e+00 1.213681748259349234e-02
1.000000000000000000e+00 2.350000000000000089e+00 1.513276716440168507e-02
1.000000000000000000e+00 2.399999999999999911e+00 3.238327281884888914e-02
1.000000000000000000e+00 2.450000000000000178e+00 1.000000000000000000e+00
1.000000000000000000e+00 2.500000000000000000e+00 5.630231956847642216e-01
1.000000000000000000e+00 2.549999999999999822e+00 2.123658093029018518e-04
1.000000000000000000e+00 2.600000000000000089e+00 9.407838605106480295e-05
1.000000000000000000e+00 2.649999999999999911e+00 3.397536903913870557e-04
1.000000000000000000e+00 2.700000000000000178e+00 7.204484365872082237e-05
1.000000000000000000e+00 2.750000000000000000e+00 7.243607778014099323e-05
1.000000000000000000e+00 2.799999999999999822e+00 3.791040183224892720e-05
1.000000000000000000e+00 2.850000000000000089e+00 7.660282200794751840e-05
1.000000000000000000e+00 2.899999999999999911e+00 1.234842204293564480e-04
1.000000000000000000e+00 2.950000000000000178e+00 2.704507361334313798e-04
1.000000000000000000e+00 3.000000000000000000e+00 2.365292526818785386e-04
1.000000000000000000e+00 3.049999999999999822e+00 3.213754578085344142e-05
1.000000000000000000e+00 3.100000000000000089e+00 2.223164979478318434e-05
1.000000000000000000e+00 3.149999999999999911e+00 3.041026368918096936e-05
1.000000000000000000e+00 3.200000000000000178e+00 1.717325329776461226e-05
1.000000000000000000e+00 3.250000000000000000e+00 6.509934328517300104e-05
1.000000000000000000e+00 3.299999999999999822e+00 1.928859921927494021e-05
1.000000000000000000e+00 3.350000000000000089e+00 1.221489771555414251e-05
1.000000000000000000e+00 3.399999999999999911e+00 1.165540839840555388e-05
1.000000000000000000e+00 3.450000000000000178e+00 1.423852146053351434e-05
1.000000000000000000e+00 3.500000000000000000e+00 1.556514202067115738e-05
1.000000000000000000e+00 3.549999999999999822e+00 1.850585938161057530e-05
1.000000000000000000e+00 3.600000000000000089e+00 2.527218159715928126e-05
1.000000000000000000e+00 3.649999999999999911e+00 2.249370697374584817e-05
1.000000000000000000e+00 3.700000000000000178e+00 1.378241409523074909e-05
1.000000000000000000e+00 3.750000000000000000e+00 2.075722599153971925e-05
1.000000000000000000e+00 3.799999999999999822e+00 1.333837360959481146e-05
1.000000000000000000e+00 3.850000000000000089e+00 1.136992265016440060e-05
1.000000000000000000e+00 3.899999999999999911e+00 3.231170928532377566e-05
1.000000000000000000e+00 3.950000000000000178e+00 7.281368313951668459e-05
1.000000000000000000e+00 4.000000000000000000e+00 0.000000000000000000e+00
1.000000000000000056e-01 5.000000000000000278e-02 2.394327576550537851e-01
1.000000000000000056e-01 1.000000000000000056e-01 4.921701684556969436e-01
1.000000000000000056e-01 1.499999999999999944e-01 4.787975518794713725e-01
1.000000000000000056e-01 2.000000000000000111e-01 5.078382239019820776e-01
1.000000000000000056e-01 2.500000000000000000e-01 5.328924455551693473e-01
1.000000000000000056e-01 2.999999999999999889e-01 1.000000000000000000e+00
1.000000000000000056e-01 3.499999999999999778e-01 7.944107964960102075e-01
1.000000000000000056e-01 4.000000000000000222e-01 2.816023267859437129e-01
1.000000000000000056e-01 4.500000000000000111e-01 1.233882649823091343e-01
1.000000000000000056e-01 5.000000000000000000e-01 1.045255955415591576e-01
1.000000000000000056e-01 5.500000000000000444e-01 7.159580316912581011e-02
1.000000000000000056e-01 5.999999999999999778e-01 3.473706327073917965e-02
1.000000000000000056e-01 6.500000000000000222e-01 2.942140747631670494e-02
1.000000000000000056e-01 6.999999999999999556e-01 3.379892701448620335e-02
1.000000000000000056e-01 7.500000000000000000e-01 3.352680313624518960e-02
1.000000000000000056e-01 8.000000000000000444e-01 1.593578472677398966e-02
1.000000000000000056e-01 8.499999999999999778e-01 1.508630547444470178e-02
1.000000000000000056e-01 9.000000000000000222e-01 1.415884678897738613e-02
1.000000000000000056e-01 9.499999999999999556e-01 2.325147488946996063e-02
1.000000000000000056e-01 1.000000000000000000e+00 3.308401752575435700e-02
1.000000000000000056e-01 1.050000000000000044e+00 1.084733532073476128e-02
1.000000000000000056e-01 1.100000000000000089e+00 1.277242100863517152e-02
1.000000000000000056e-01 1.149999999999999911e+00 9.832014897245944240e-03
1.000000000000000056e-01 1.199999999999999956e+00 9.698300049479803911e-03
1.000000000000000056e-01 1.250000000000000000e+00 1.095360303926612086e-02
1.000000000000000056e-01 1.300000000000000044e+00 1.207776568084206401e-02
1.000000000000000056e-01 1.350000000000000089e+00 1.266227857074700251e-02
1.000000000000000056e-01 1.399999999999999911e+00 1.309251975547722976e-02
1.000000000000000056e-01 1.449999999999999956e+00 4.724730301192662241e-01
1.000000000000000056e-01 1.500000000000000000e+00 3.918912435004189843e-01
1.000000000000000056e-01 1.550000000000000044e+00 1.084014056222716571e-02
1.000000000000000056e-01 1.600000000000000089e+00 3.023811816337082514e-02
1.000000000000000056e-01 1.649999999999999911e+00 2.661510828989895744e-02
1.000000000000000056e-01 1.699999999999999956e+00 8.390429689923196294e-03
1.000000000000000056e-01 1.750000000000000000e+00 1.176027399542625348e-02
1.000000000000000056e-01 1.800000000000000044e+00 7.827356417781067277e-03
1.000000000000000056e-01 1.850000000000000089e+00 6.591633693405433286e-03
1.000000000000000056e-01 1.899999999999999911e+00 5.160010067551640961e-03
1.000000000000000056e-01 1.949999999999999956e+00 5.467589065318996869e-03
1.000000000000000056e-01 2.000000000000000000e+00 1.290798498343920242e-02
1.000000000000000056e-01 2.049999999999999822e+00 8.852711316719703502e-03
1.000000000000000056e-01 2.100000000000000089e+00 6.458538187456524041e-03
1.000000000000000056e-01 2.149999999999999911e+00 6.194160375286077158e-03
1.000000000000000056e-01 2.200000000000000178e+00 7.666358291656666553e-03
1.000000000000000056e-01 2.250000000000000000e+00 7.380893462494210466e-02
1.000000000000000056e-01 2.299999999999999822e+00 6.112916137637904035e-02
1.000000000000000056e-01 2.350000000000000089e+00 1.422417799253244790e-02
1.000000000000000056e-01 2.399999999999999911e+00 5.357601802302346394e-01
1.000000000000000056e-01 2.450000000000000178e+00 5.226779487705068838e-01
1.000000000000000056e-01 2.500000000000000000e+00 1.412540935102571220e-02
1.000000000000000056e-01 2.549999999999999822e+00 1.192432326348025207e-02
1.000000000000000056e-01 2.600000000000000089e+00 1.123433001106189516e-02
1.000000000000000056e-01 2.649999999999999911e+00 1.265444728873119269e-02
1.000000000000000056e-01 2.700000000000000178e+00 1.522101201437319092e-02
1.000000000000000056e-01 2.750000000000000000e+00 1.500394882243518031e-02
1.000000000000000056e-01 2.799999999999999822e+00 1.335537451522766234e-02
1.000000000000000056e-01 2.850000000000000089e+00 1.546280416400048867e-02
1.000000000000000056e-01 2.899999999999999911e+00 1.095032148795496707e-02
1.000000000000000056e-01 2.950000000000000178e+00 1.550421748942123687e-02
1.000000000000000056e-01 3.000000000000000000e+00 1.850324001399168000e-02
1.000000000000000056e-01 3.049999999999999822e+00 1.218435291272573079e-02
1.000000000000000056e-01 3.100000000000000089e+00 1.058526158910879852e-02
1.000000000000000056e-01 3.149999999999999911e+00 7.232821400181983426e-03
1.000000000000000056e-01 3.200000000000000178e+00 8.499370531244805974e-03
1.000000000000000056e-01 3.250000000000000000e+00 1.318091659553382623e-02
1.000000000000000056e-01 3.299999999999999822e+00 1.197920343625078453e-02
1.000000000000000056e-01 3.350000000000000089e+00 4.669377392671605898e-03
1.000000000000000056e-01 3.399999999999999911e+00 4.116298435052832307e-03
1.000000000000000056e-01 3.450000000000000178e+00 7.063458056374882950e-03
1.000000000000000056e-01 3.500000000000000000e+00 4.637286263169169975e-02
1.000000000000000056e-01 3.549999999999999822e+00 8.105314481466199816e-02
1.000000000000000056e-01 3.600000000000000089e+00 1.107565613766161444e-02
1.000000000000000056e-01 3.649999999999999911e+00 1.318877563296497711e-02
1.000000000000000056e-01 3.700000000000000178e+00 1.309387780264972302e-02
1.000000000000000056e-01 3.750000000000000000e+00 1.906148874727522924e-02
1.000000000000000056e-01 3.799999999999999822e+00 1.506341571574345943e-02
1.000000000000000056e-01 3.850000000000000089e+00 2.471097122887426500e-02
1.000000000000000056e-01 3.899999999999999911e+00 3.241945320653720486e-02
1.000000000000000056e-01 3.950000000000000178e+00 5.240124769648524944e-02
1.000000000000000056e-01 4.000000000000000000e+00 0.000000000000000000e+00
5.000000000000000000e-01 5.000000000000000278e-02 9.878460380696381035e-03
5.000000000000000000e-01 1.000000000000000056e-01 1.016948755796585196e-02
5.000000000000000000e-01 1.499999999999999944e-01 1.698469088643994596e-02
5.000000000000000000e-01 2.000000000000000111e-01 2.648854077075675842e-02
5.000000000000000000e-01 2.500000000000000000e-01 1.537531610200542839e-02
5.000000000000000000e-01 2.999999999999999889e-01 2.113260241285170107e-02
5.000000000000000000e-01 3.499999999999999778e-01 9.456131464264333139e-03
5.000000000000000000e-01 4.000000000000000222e-01 1.694534083652493930e-02
5.000000000000000000e-01 4.500000000000000111e-01 1.071051144698791958e-02
5.000000000000000000e-01 5.000000000000000000e-01 1.237982693960523392e-02
5.000000000000000000e-01 5.500000000000000444e-01 1.902770014775545526e-02
5.000000000000000000e-01 5.999999999999999778e-01 1.358693894385211084e-02
5.000000000000000000e-01 6.500000000000000222e-01 1.780263013427925423e-02
5.000000000000000000e-01 6.999999999999999556e-01 4.206670983576403511e-02
5.000000000000000000e-01 7.500000000000000000e-01 2.385184543307413974e-01
5.000000000000000000e-01 8.000000000000000444e-01 1.658024550411227038e-01
5.000000000000000000e-01 8.499999999999999778e-01 2.392590352238031515e-01
5.000000000000000000e-01 9.000000000000000222e-01 1.951805380651434885e-01
5.000000000000000000e-01 9.499999999999999556e-01 1.587663779291233479e-01
5.000000000000000000e-01 1.000000000000000000e+00 3.555257042136183432e-01
5.000000000000000000e-01 1.050000000000000044e+00 3.533970558846372123e-01
5.000000000000000000e-01 1.100000000000000089e+00 2.064487526864972056e-01
5.000000000000000000e-01 1.149999999999999911e+00 3.468542276062790419e-01
5.000000000000000000e-01 1.199999999999999956e+00 3.814026244264627774e-01
5.000000000000000000e-01 1.250000000000000000e+00 5.464706670207621908e-01
5.000000000000000000e-01 1.300000000000000044e+00 4.964134815522746047e-01
5.000000000000000000e-01 1.350000000000000089e+00 5.365148356141726804e-01
5.000000000000000000e-01 1.399999999999999911e+00 6.994024927872768416e-01
5.000000000000000000e-01 1.449999999999999956e+00 1.000000000000000000e+00
5.000000000000000000e-01 1.500000000000000000e+00 9.616449426475385254e-01
5.000000000000000000e-01 1.550000000000000044e+00 6.940865042784385430e-01
5.000000000000000000e-01 1.600000000000000089e+00 3.020002428837775255e-01
5.000000000000000000e-01 1.649999999999999911e+00 1.208842668451699798e-01
5.000000000000000000e-01 1.699999999999999956e+00 1.049489026791105978e-01
5.000000000000000000e-01 1.750000000000000000e+00 6.675555168739008560e-02
5.000000000000000000e-01 1.800000000000000044e+00 4.605213381743770290e-02
5.000000000000000000e-01 1.850000000000000089e+00 3.551024663850806812e-02
5.000000000000000000e-01 1.899999999999999911e+00 5.435868974390865166e-02
5.000000000000000000e-01 1.949999999999999956e+00 4.641025337056908090e-02
5.000000000000000000e-01 2.000000000000000000e+00 5.494950920602664768e-02
5.000000000000000000e-01 2.049999999999999822e+00 4.016207908245454650e-02
5.000000000000000000e-01 2.100000000000000089e+00 4.026905470312216323e-02
5.000000000000000000e-01 2.149999999999999911e+00 3.498347795958740153e-02
5.000000000000000000e-01 2.200000000000000178e+00 3.028627174608681041e-02
5.000000000000000000e-01 2.250000000000000000e+00 3.991876375176332814e-02
5.000000000000000000e-01 2.299999999999999822e+00 4.660637062808997005e-02
5.000000000000000000e-01 2.350000000000000089e+00 3.791829079611463982e-02
5.000000000000000000e-01 2.399999999999999911e+00 5.212939672441230243e-02
5.000000000000000000e-01 2.450000000000000178e+00 4.076688789865526297e-02
5.000000000000000000e-01 2.500000000000000000e+00 4.157017956028593447e-02
5.000000000000000000e-01 2.549999999999999822e+00 3.065499061205268980e-02
5.000000000000000000e-01 2.600000000000000089e+00 5.516716325379981273e-02
5.000000000000000000e-01 2.649999999999999911e+00 6.294475334512596165e-02
5.000000000000000000e-01 2.700000000000000178e+00 4.190141751759846739e-02
5.000000000000000000e-01 2.750000000000000000e+00 3.243454041631369661e-02
5.000000000000000000e-01 2.799999999999999822e+00 3.061883157662750182e-02
5.000000000000000000e-01 2.850000000000000089e+00 3.975065226434450899e-02
5.000000000000000000e-01 2.899999999999999911e+00 3.105928761796582921e-02
5.000000000000000000e-01 2.950000000000000178e+00 4.486112805621220861e-02
5.000000000000000000e-01 3.000000000000000000e+00 6.122108565187648482e-02
5.000000000000000000e-01 3.049999999999999822e+00 5.021507479523153183e-02
5.000000000000000000e-01 3.100000000000000089e+00 6.229623584085262900e-02
5.000000000000000000e-01 3.149999999999999911e+00 4.718521325088842477e-02
5.000000000000000000e-01 3.200000000000000178e+00 8.602835095785774100e-02
5.000000000000000000e-01 3.250000000000000000e+00 9.973926417325673643e-02
5.000000000000000000e-01 3.299999999999999822e+00 1.544160731465014369e-01
5.000000000000000000e-01 3.350000000000000089e+00 1.565414823318553861e-01
5.000000000000000000e-01 3.399999999999999911e+00 1.103965258938958138e-01
5.000000000000000000e-01 3.450000000000000178e+00 4.023974925209519021e-02
5.000000000000000000e-01 3.500000000000000000e+00 5.669406660373985801e-02
5.000000000000000000e-01 3.549999999999999822e+00 1.811784965273952330e-01
5.000000000000000000e-01 3.600000000000000089e+00 1.482243998511309502e-01
5.000000000000000000e-01 3.649999999999999911e+00 1.076194046612820587e-01
5.000000000000000000e-01 3.700000000000000178e+00 2.727520605857774658e-02
5.000000000000000000e-01 3.750000000000000000e+00 3.599666249308817317e-02
5.000000000000000000e-01 3.799999999999999822e+00 3.796295745945137134e-02
5.000000000000000000e-01 3.850000000000000089e+00 8.200876748145970174e-02
5.000000000000000000e-01 3.899999999999999911e+00 3.495661443604113766e-02
5.000000000000000000e-01 3.950000000000000178e+00 2.244331516488431294e-02
5.000000000000000000e-01 4.000000000000000000e+00 0.000000000000000000e+00
9.000000000000000222e-01 5.000000000000000278e-02 8.811157695019952414e-04
9.000000000000000222e-01 1.000000000000000056e-01 9.157668278916354957e-04
9.000000000000000222e-01 1.499999999999999944e-01 1.031666652855925924e-02
9.000000000000000222e-01 2.000000000000000111e-01 1.465395632574536741e-02
9.000000000000000222e-01 2.500000000000000000e-01 1.200288640402516699e-03
9.000000000000000222e-01 2.999999999999999889e-01 1.224407350861755070e-03
9.000000000000000222e-01 3.499999999999999778e-01 1.878213535196191723e-03
9.000000000000000222e-01 4.000000000000000222e-01 1.614884376023363512e-03
9.000000000000000222e-01 4.500000000000000111e-01 9.008289643105722591e-04
9.000000000000000222e-01 5.000000000000000000e-01 9.826482957612176286e-04
9.000000000000000222e-01 5.500000000000000444e-01 1.062675056546222253e-03
9.000000000000000222e-01 5.999999999999999778e-01 3.850638758146766698e-03
9.000000000000000222e-01 6.500000000000000222e-01 4.082459848958490400e-03
9.000000000000000222e-01 6.999999999999999556e-01 1.209636912590318896e-03
9.000000000000000222e-01 7.500000000000000000e-01 1.895457718454970561e-03
9.000000000000000222e-01 8.000000000000000444e-01 1.851381156795036407e-03
9.000000000000000222e-01 8.499999999999999778e-01 1.722307894842577385e-03
9.000000000000000222e-01 9.000000000000000222e-01 1.798414374567802254e-03
9.000000000000000222e-01 9.499999999999999556e-01 2.403022932988954207e-03
9.000000000000000222e-01 1.000000000000000000e+00 1.266974447302834234e-03
9.000000000000000222e-01 1.050000000000000044e+00 1.030497095758833382e-03
9.000000000000000222e-01 1.100000000000000089e+00 1.288626642458691029e-03
9.000000000000000222e-01 1.149999999999999911e+00 1.290822977431177075e-03
9.000000000000000222e-01 1.199999999999999956e+00 1.470818776708722334e-03
9.000000000000000222e-01 1.250000000000000000e+00 1.231326003572558517e-03
9.000000000000000222e-01 1.300000000000000044e+00 1.291310749867622580e-03
9.000000000000000222e-01 1.350000000000000089e+00 1.572454715268126885e-03
9.000000000000000222e-01 1.399999999999999911e+00 2.287675564522921763e-03
9.000000000000000222e-01 1.449999999999999956e+00 1.050567880137489880e-03
9.000000000000000222e-01 1.500000000000000000e+00 8.061767385411652094e-04
9.000000000000000222e-01 1.550000000000000044e+00 6.236078089448661519e-04
9.000000000000000222e-01 1.600000000000000089e+00 3.551241866804586127e-03
9.000000000000000222e-01 1.649999999999999911e+00 1.121455568900732620e-02
9.000000000000000222e-01 1.699999999999999956e+00 1.266705833136579605e-02
9.000000000000000222e-01 1.750000000000000000e+00 2.054012963897669866e-02
9.000000000000000222e-01 1.800000000000000044e+00 2.018976634005888171e-02
9.000000000000000222e-01 1.850000000000000089e+00 2.345818124074609129e-02
9.000000000000000222e-01 1.899999999999999911e+00 1.895911050027018069e-02
9.000000000000000222e-01 1.949999999999999956e+00 1.967076851744024510e-02
9.000000000000000222e-01 2.000000000000000000e+00 2.602925258172657588e-02
9.000000000000000222e-01 2.049999999999999822e+00 4.387176967977221564e-02
9.000000000000000222e-01 2.100000000000000089e+00 3.843074738651522382e-02
9.000000000000000222e-01 2.149999999999999911e+00 1.791317919968516692e-01
9.000000000000000222e-01 2.200000000000000178e+00 9.910591787819324205e-02
9.000000000000000222e-01 2.250000000000000000e+00 4.402886364007352893e-01
9.000000000000000222e-01 2.299999999999999822e+00 1.000000000000000000e+00
9.000000000000000222e-01 2.350000000000000089e+00 9.058867382538391411e-01
9.000000000000000222e-01 2.399999999999999911e+00 2.756594519687040057e-01
9.000000000000000222e-01 2.450000000000000178e+00 1.410285305849403037e-01
9.000000000000000222e-01 2.500000000000000000e+00 1.311625100143621325e-01
9.000000000000000222e-01 2.549999999999999822e+00 8.019823867756899205e-02
9.000000000000000222e-01 2.600000000000000089e+00 7.776084377065280162e-02
9.000000000000000222e-01 2.649999999999999911e+00 6.026752892207893481e-02
9.000000000000000222e-01 2.700000000000000178e+00 7.894659945454730876e-02
9.000000000000000222e-01 2.750000000000000000e+00 1.014269373705445343e-01
9.000000000000000222e-01 2.799999999999999822e+00 3.365515493367725319e-02
9.000000000000000222e-01 2.850000000000000089e+00 4.183489029624920530e-02
9.000000000000000222e-01 2.899999999999999911e+00 4.429605008222420315e-02
9.000000000000000222e-01 2.950000000000000178e+00 2.663683354793287480e-02
9.000000000000000222e-01 3.000000000000000000e+00 3.810330083433314391e-02
9.000000000000000222e-01 3.049999999999999822e+00 3.868228588492908515e-02
9.000000000000000222e-01 3.100000000000000089e+00 5.040194687150045122e-02
9.000000000000000222e-01 3.149999999999999911e+00 2.359962914127229985e-02
9.000000000000000222e-01 3.200000000000000178e+00 4.858317707676573782e-02
9.000000000000000222e-01 3.250000000000000000e+00 7.690068488302090333e-02
9.000000000000000222e-01 3.299999999999999822e+00 1.729524554349172183e-01
9.000000000000000222e-01 3.350000000000000089e+00 1.000892151899305665e-01
9.000000000000000222e-01 3.399999999999999911e+00 9.597964342066109267e-02
9.000000000000000222e-01 3.450000000000000178e+00 2.382633773956854828e-02
9.000000000000000222e-01 3.500000000000000000e+00 2.591348038364159681e-02
9.000000000000000222e-01 3.549999999999999822e+00 1.548409403127520012e-01
9.000000000000000222e-01 3.600000000000000089e+00 2.586888340989724755e-01
9.000000000000000222e-01 3.649999999999999911e+00 2.546556483301962159e-02
9.000000000000000222e-01 3.700000000000000178e+00 3.756076623969443942e-03
9.000000000000000222e-01 3.750000000000000000e+00 4.729177217176786310e-03
9.000000000000000222e-01 3.799999999999999822e+00 4.507748783715176746e-03
9.000000000000000222e-01 3.850000000000000089e+00 7.081935600068900091e-03
9.000000000000000222e-01 3.899999999999999911e+00 1.398172042881750538e-02
9.000000000000000222e-01 3.950000000000000178e+00 3.516411780574846182e-03
9.000000000000000222e-01 4.000000000000000000e+00 0.000000000000000000e+00
4.000000000000000222e-01 5.000000000000000278e-02 1.357880584746415029e-02
4.000000000000000222e-01 1.000000000000000056e-01 1.404532543848515530e-02
4.000000000000000222e-01 1.499999999999999944e-01 1.237884207894428094e-02
4.000000000000000222e-01 2.000000000000000111e-01 1.303035670120648859e-02
4.000000000000000222e-01 2.500000000000000000e-01 1.594286360357508731e-02
4.000000000000000222e-01 2.999999999999999889e-01 1.287641088749860718e-02
4.000000000000000222e-01 3.499999999999999778e-01 1.674462989961680165e-02
4.000000000000000222e-01 4.000000000000000222e-01 1.140379383226889677e-02
4.000000000000000222e-01 4.500000000000000111e-01 2.142767708139022356e-02
4.000000000000000222e-01 5.000000000000000000e-01 3.682587465823537048e-02
4.000000000000000222e-01 5.500000000000000444e-01 1.301471412703343877e-01
4.000000000000000222e-01 5.999999999999999778e-01 1.385446798370624788e-01
4.000000000000000222e-01 6.500000000000000222e-01 3.982133753844969704e-01
4.000000000000000222e-01 6.999999999999999556e-01 3.796911099856892235e-01
4.000000000000000222e-01 7.500000000000000000e-01 2.409857929441077129e-01
4.000000000000000222e-01 8.000000000000000444e-01 3.994416818351863574e-01
4.000000000000000222e-01 8.499999999999999778e-01 3.183321253891381875e-01
4.000000000000000222e-01 9.000000000000000222e-01 3.541403167979759181e-01
4.000000000000000222e-01 9.499999999999999556e-01 5.158459257895687822e-01
4.000000000000000222e-01 1.000000000000000000e+00 6.270024440988333225e-01
4.000000000000000222e-01 1.050000000000000044e+00 3.343826284907185364e-01
4.000000000000000222e-01 1.100000000000000089e+00 4.245001447085163249e-01
4.000000000000000222e-01 1.149999999999999911e+00 5.401347308903812205e-01
4.000000000000000222e-01 1.199999999999999956e+00 1.000000000000000000e+00
4.000000000000000222e-01 1.250000000000000000e+00 7.479536553505481411e-01
4.000000000000000222e-01 1.300000000000000044e+00 5.153044889563836994e-01
4.000000000000000222e-01 1.350000000000000089e+00 3.158322520045749870e-01
4.000000000000000222e-01 1.399999999999999911e+00 1.072426640078139870e-01
4.000000000000000222e-01 1.449999999999999956e+00 6.519968553764329822e-02
4.000000000000000222e-01 1.500000000000000000e+00 3.668453534244922598e-02
4.000000000000000222e-01 1.550000000000000044e+00 4.247853066225226737e-02
4.000000000000000222e-01 1.600000000000000089e+00 3.154200773285274761e-02
4.000000000000000222e-01 1.649999999999999911e+00 3.141873039909567206e-02
4.000000000000000222e-01 1.699999999999999956e+00 2.584521301935658807e-02
4.000000000000000222e-01 1.750000000000000000e+00 2.979723016316835477e-02
4.000000000000000222e-01 1.800000000000000044e+00 1.997163528892358098e-02
4.000000000000000222e-01 1.850000000000000089e+00 2.453574932547112480e-02
4.000000000000000222e-01 1.899999999999999911e+00 1.636733524892994979e-02
4.000000000000000222e-01 1.949999999999999956e+00 2.580686547451934917e-02
4.000000000000000222e-01 2.000000000000000000e+00 2.315471257688761844e-02
4.000000000000000222e-01 2.049999999999999822e+00 2.141502801570568937e-02
4.000000000000000222e-01 2.100000000000000089e+00 2.854691687151891463e-02
4.000000000000000222e-01 2.149999999999999911e+00 2.865806932787899608e-02
4.000000000000000222e-01 2.200000000000000178e+00 3.750434029397831104e-02
4.000000000000000222e-01 2.250000000000000000e+00 2.892519271563883526e-02
4.000000000000000222e-01 2.299999999999999822e+00 2.851428290963219092e-02
4.000000000000000222e-01 2.350000000000000089e+00 2.833897864267068481e-02
4.000000000000000222e-01 2.399999999999999911e+00 3.532957691319952437e-02
4.000000000000000222e-01 2.450000000000000178e+00 2.417143142908243295e-02
4.000000000000000222e-01 2.500000000000000000e+00 2.895494783340599523e-02
4.000000000000000222e-01 2.549999999999999822e+00 2.980425318554323980e-02
4.000000000000000222e-01 2.600000000000000089e+00 2.781872702484418369e-02
4.000000000000000222e-01 2.649999999999999911e+00 2.279290723902612642e-02
4.000000000000000222e-01 2.700000000000000178e+00 1.634112411920326732e-02
4.000000000000000222e-01 2.750000000000000000e+00 2.641319639587156806e-02
4.000000000000000222e-01 2.799999999999999822e+00 3.243219005510770275e-02
4.000000000000000222e-01 2.850000000000000089e+00 3.880105607520308725e-02
4.000000000000000222e-01 2.899999999999999911e+00 4.678628154652715587e-02
4.000000000000000222e-01 2.950000000000000178e+00 3.745719326068367577e-02
4.000000000000000222e-01 3.000000000000000000e+00 3.569265022739063348e-02
4.000000000000000222e-01 3.049999999999999822e+00 3.924479529053697541e-02
4.000000000000000222e-01 3.100000000000000089e+00 4.400553699321631262e-02
4.000000000000000222e-01 3.149999999999999911e+00 2.416551620549454299e-02
4.000000000000000222e-01 3.200000000000000178e+00 4.199232426232431953e-02
4.000000000000000222e-01 3.250000000000000000e+00 4.740246255456202068e-02
4.000000000000000222e-01 3.299999999999999822e+00 5.090992524232101218e-02
4.000000000000000222e-01 3.350000000000000089e+00 8.669378836756511109e-02
4.000000000000000222e-01 3.399999999999999911e+00 5.615042346116717181e-02
4.000000000000000222e-01 3.450000000000000178e+00 4.031131011951794713e-02
4.000000000000000222e-01 3.500000000000000000e+00 4.481842893361517866e-02
4.000000000000000222e-01 3.549999999999999822e+00 2.313212970557556106e-02
4.000000000000000222e-01 3.600000000000000089e+00 2.846137075787012402e-02
4.000000000000000222e-01 3.649999999999999911e+00 1.254963535289578824e-01
4.000000000000000222e-01 3.700000000000000178e+00 1.584833512413502121e-01
4.000000000000000222e-01 3.750000000000000000e+00 5.011343964601486928e-02
4.000000000000000222e-01 3.799999999999999822e+00 4.050338161750717536e-02
4.000000000000000222e-01 3.850000000000000089e+00 4.698254446519478655e-02
4.000000000000000222e-01 3.899999999999999911e+00 2.274815543259167683e-02
4.000000000000000222e-01 3.950000000000000178e+00 3.410246042811628658e-02
4.000000000000000222e-01 4.000000000000000000e+00 0.000000000000000000e+00
6.999999999999999556e-01 5.000000000000000278e-02 5.334106604530165427e-03
6.999999999999999556e-01 1.000000000000000056e-01 6.238288945407192455e-03
6.999999999999999556e-01 1.499999999999999944e-01 5.270051762581337042e-03
6.999999999999999556e-01 2.000000000000000111e-01 5.852673850877502214e-03
6.999999999999999556e-01 2.500000000000000000e-01 7.921473691746394596e-03
6.999999999999999556e-01 2.999999999999999889e-01 4.377651435175959269e-03
6.999999999999999556e-01 3.499999999999999778e-01 3.448284746133372346e-03
6.999999999999999556e-01 4.000000000000000222e-01 3.903651848448769311e-03
6.999999999999999556e-01 4.500000000000000111e-01 3.484219952350086583e-03
6.999999999999999556e-01 5.000000000000000000e-01 4.368609319747917240e-03
6.999999999999999556e-01 5.500000000000000444e-01 4.591071943608439170e-03
6.999999999999999556e-01 5.999999999999999778e-01 3.306922578973351366e-03
6.999999999999999556e-01 6.500000000000000222e-01 2.180222230073113748e-02
6.999999999999999556e-01 6.999999999999999556e-01 1.945924516786923936e-02
6.999999999999999556e-01 7.500000000000000000e-01 4.621414968713124377e-03
6.999999999999999556e-01 8.000000000000000444e-01 3.751858661275960915e-03
6.999999999999999556e-01 8.499999999999999778e-01 6.035442779761870762e-03
6.999999999999999556e-01 9.000000000000000222e-01 7.423684298387417911e-03
6.999999999999999556e-01 9.499999999999999556e-01 4.012112165348775440e-03
6.999999999999999556e-01 1.000000000000000000e+00 3.048217366392059254e-03
6.999999999999999556e-01 1.050000000000000044e+00 2.692899253571930281e-03
6.999999999999999556e-01 1.100000000000000089e+00 7.185651973665516633e-03
6.999999999999999556e-01 1.149999999999999911e+00 7.133054885486003749e-02
6.999999999999999556e-01 1.199999999999999956e+00 4.984749143691961232e-02
6.999999999999999556e-01 1.250000000000000000e+00 6.443079101701380818e-02
6.999999999999999556e-01 1.300000000000000044e+00 9.927631969880723606e-02
6.999999999999999556e-01 1.350000000000000089e+00 6.450951379138397668e-02
6.999999999999999556e-01 1.399999999999999911e+00 8.801838079196831754e-02
6.999999999999999556e-01 1.449999999999999956e+00 5.373624506497875347e-02
6.999999999999999556e-01 1.500000000000000000e+00 9.921001536245548091e-02
6.999999999999999556e-01 1.550000000000000044e+00 1.158092563310960804e-01
6.999999999999999556e-01 1.600000000000000089e+00 1.328040668569234195e-01
6.999999999999999556e-01 1.649999999999999911e+00 1.911912369746047446e-01
6.999999999999999556e-01 1.699999999999999956e+00 4.399385619903609101e-01
6.999999999999999556e-01 1.750000000000000000e+00 4.442492002620754277e-01
6.999999999999999556e-01 1.800000000000000044e+00 1.000000000000000000e+00
6.999999999999999556e-01 1.850000000000000089e+00 5.594512117447770772e-01
6.999999999999999556e-01 1.899999999999999911e+00 9.675901065865578632e-01
6.999999999999999556e-01 1.949999999999999956e+00 7.250656991582054012e-01
6.999999999999999556e-01 2.000000000000000000e+00 4.648000041571496710e-01
6.999999999999999556e-01 2.049999999999999822e+00 2.343464631092865569e-01
6.999999999999999556e-01 2.100000000000000089e+00 1.226539978695333349e-01
6.999999999999999556e-01 2.149999999999999911e+00 1.220418774445349852e-01
6.999999999999999556e-01 2.200000000000000178e+00 9.639029388647053775e-02
6.999999999999999556e-01 2.250000000000000000e+00 9.035896496451406579e-02
6.999999999999999556e-01 2.299999999999999822e+00 7.653786864319869765e-02
6.999999999999999556e-01 2.350000000000000089e+00 1.185123522604870083e-01
6.999999999999999556e-01 2.399999999999999911e+00 1.143490385761483791e-01
6.999999999999999556e-01 2.450000000000000178e+00 1.333927810295513217e-01
6.999999999999999556e-01 2.500000000000000000e+00 1.046357209424333135e-01
6.999999999999999556e-01 2.549999999999999822e+00 1.330378101926133760e-01
6.999999999999999556e-01 2.600000000000000089e+00 1.099049279284824154e-01
6.999999999999999556e-01 2.649999999999999911e+00 5.240311214411493002e-02
6.999999999999999556e-01 2.700000000000000178e+00 3.053088634936799647e-02
6.999999999999999556e-01 2.750000000000000000e+00 7.388764960912119761e-02
6.999999999999999556e-01 2.799999999999999822e+00 4.807395937972064326e-02
6.999999999999999556e-01 2.850000000000000089e+00 2.617579873518832700e-02
6.999999999999999556e-01 2.899999999999999911e+00 2.527739031242905166e-02
6.999999999999999556e-01 2.950000000000000178e+00 3.154040016989297784e-02
6.999999999999999556e-01 3.000000000000000000e+00 2.861210194121631759e-02
6.999999999999999556e-01 3.049999999999999822e+00 4.289272041995002144e-02
6.999999999999999556e-01 3.100000000000000089e+00 6.208875814150152661e-02
6.999999999999999556e-01 3.149999999999999911e+00 7.082188103237124777e-02
6.999999999999999556e-01 3.200000000000000178e+00 9.692067991228225932e-02
6.999999999999999556e-01 3.250000000000000000e+00 1.682340966474525912e-01
6.999999999999999556e-01 3.299999999999999822e+00 3.315351787694094110e-01
6.999999999999999556e-01 3.350000000000000089e+00 3.781201022545243040e-01
6.999999999999999556e-01 3.399999999999999911e+00 3.052723411572978995e-01
6.999999999999999556e-01 3.450000000000000178e+00 8.432847889407361908e-02
6.999999999999999556e-01 3.500000000000000000e+00 3.225621155758349179e-01
6.999999999999999556e-01 3.549999999999999822e+00 3.543759020304806939e-01
6.999999999999999556e-01 3.600000000000000089e+00 9.973435731859177367e-02
6.999999999999999556e-01 3.649999999999999911e+00 4.901541034218340198e-02
6.999999999999999556e-01 3.700000000000000178e+00 3.797842820214347020e-02
6.999999999999999556e-01 3.750000000000000000e+00 4.201646505918586044e-02
6.999999999999999556e-01 3.799999999999999822e+00 9.558504377440926736e-02
6.999999999999999556e-01 3.850000000000000089e+00 3.492188634358586730e-02
6.999999999999999556e-01 3.899999999999999911e+00 3.185462714798743128e-02
6.999999999999999556e-01 3.950000000000000178e+00 4.990713496791336287e-03
6.999999999999999556e-01 4.000000000000000000e+00 0.000000000000000000e+00
8.000000000000000444e-01 5.000000000000000278e-02 3.211996132339683431e-03
8.000000000000000444e-01 1.000000000000000056e-01 1.789496653597399522e-03
8.000000000000000444e-01 1.499999999999999944e-01 2.554824446575917982e-03
8.000000000000000444e-01 2.000000000000000111e-01 2.834724930369114052e-03
8.000000000000000444e-01 2.500000000000000000e-01 3.670452335183721753e-03
8.000000000000000444e-01 2.999999999999999889e-01 4.554407646400971711e-03
8.000000000000000444e-01 3.499999999999999778e-01 5.905627278101327655e-03
8.000000000000000444e-01 4.000000000000000222e-01 1.070560247035379914e-02
8.000000000000000444e-01 4.500000000000000111e-01 4.185417090417966821e-03
8.000000000000000444e-01 5.000000000000000000e-01 2.378159084110354014e-03
8.000000000000000444e-01 5.500000000000000444e-01 4.341142880849443823e-03
8.000000000000000444e-01 5.999999999999999778e-01 4.148954016628955861e-03
8.000000000000000444e-01 6.500000000000000222e-01 9.273208044827245880e-03
8.000000000000000444e-01 6.999999999999999556e-01 4.900590086103926747e-03
8.000000000000000444e-01 7.500000000000000000e-01 5.892628347046248959e-03
8.000000000000000444e-01 8.000000000000000444e-01 6.202710245382195633e-03
8.000000000000000444e-01 8.499999999999999778e-01 4.843959653870174263e-03
8.000000000000000444e-01 9.000000000000000222e-01 3.923395955212765317e-03
8.000000000000000444e-01 9.499999999999999556e-01 4.680498797468634481e-03
8.000000000000000444e-01 1.000000000000000000e+00 5.856016828290813020e-03
8.000000000000000444e-01 1.050000000000000044e+00 3.289199070657591786e-03
8.000000000000000444e-01 1.100000000000000089e+00 2.938037792694515610e-03
8.000000000000000444e-01 1.149999999999999911e+00 3.971120782145822793e-03
8.000000000000000444e-01 1.199999999999999956e+00 3.749163425522640362e-03
8.000000000000000444e-01 1.250000000000000000e+00 3.586757409750076196e-03
8.000000000000000444e-01 1.300000000000000044e+00 3.736672190608475962e-03
8.000000000000000444e-01 1.350000000000000089e+00 8.213723131295699170e-03
8.000000000000000444e-01 1.399999999999999911e+00 2.725881214209257414e-02
8.000000000000000444e-01 1.449999999999999956e+00 3.839461805343384604e-02
8.000000000000000444e-01 1.500000000000000000e+00 3.792227486355705807e-02
8.000000000000000444e-01 1.550000000000000044e+00 3.666630689307585206e-02
8.000000000000000444e-01 1.600000000000000089e+00 2.581859892854796931e-02
8.000000000000000444e-01 1.649999999999999911e+00 2.466116495952184670e-02
8.000000000000000444e-01 1.699999999999999956e+00 3.124767834835251445e-02
8.000000000000000444e-01 1.750000000000000000e+00 4.335257893015012631e-02
8.000000000000000444e-01 1.800000000000000044e+00 6.176723775153893786e-02
8.000000000000000444e-01 1.850000000000000089e+00 7.325774814197173745e-02
8.000000000000000444e-01 1.899999999999999911e+00 7.522087749120827394e-02
8.000000000000000444e-01 1.949999999999999956e+00 2.172591722828410010e-01
8.000000000000000444e-01 2.000000000000000000e+00 3.173435382810926297e-01
8.000000000000000444e-01 2.049999999999999822e+00 5.018397616262844085e-01
8.000000000000000444e-01 2.100000000000000089e+00 6.995880303522646892e-01
8.000000000000000444e-01 2.149999999999999911e+00 7.143534918019960323e-01
8.000000000000000444e-01 2.200000000000000178e+00 3.246184770126935293e-01
8.000000000000000444e-01 2.250000000000000000e+00 2.467197203316940091e-01
8.000000000000000444e-01 2.299999999999999822e+00 1.220365612082527085e-01
8.000000000000000444e-01 2.350000000000000089e+00 7.848225372207169592e-02
8.000000000000000444e-01 2.399999999999999911e+00 1.174609229604312161e-01
8.000000000000000444e-01 2.450000000000000178e+00 9.888277510150124405e-02
8.000000000000000444e-01 2.500000000000000000e+00 8.279782013085507097e-02
8.000000000000000444e-01 2.549999999999999822e+00 3.942215302871655835e-02
8.000000000000000444e-01 2.600000000000000089e+00 8.004681509417480023e-02
8.000000000000000444e-01 2.649999999999999911e+00 7.866043778228833105e-02
8.000000000000000444e-01 2.700000000000000178e+00 1.081166444595362819e-01
8.000000000000000444e-01 2.750000000000000000e+00 5.436742516224176563e-02
8.000000000000000444e-01 2.799999999999999822e+00 5.338161124580801525e-02
8.000000000000000444e-01 2.850000000000000089e+00 2.768046423247056895e-02
8.000000000000000444e-01 2.899999999999999911e+00 1.815894215547428359e-02
8.000000000000000444e-01 2.950000000000000178e+00 2.326527373833785217e-02
8.000000000000000444e-01 3.000000000000000000e+00 1.976382176558447515e-02
8.000000000000000444e-01 3.049999999999999822e+00 3.203457083002245881e-02
8.000000000000000444e-01 3.100000000000000089e+00 4.439881848144792281e-02
8.000000000000000444e-01 3.149999999999999911e+00 3.990429539519951135e-02
8.000000000000000444e-01 3.200000000000000178e+00 7.609303181095151969e-02
8.000000000000000444e-01 3.250000000000000000e+00 7.722348666594810451e-01
8.000000000000000444e-01 3.299999999999999822e+00 1.000000000000000000e+00
8.000000000000000444e-01 3.350000000000000089e+00 2.108188040241536221e-01
8.000000000000000444e-01 3.399999999999999911e+00 7.795608611313740999e-02
8.000000000000000444e-01 3.450000000000000178e+00 2.784592103355270493e-02
8.000000000000000444e-01 3.500000000000000000e+00 6.961929890532952969e-02
8.000000000000000444e-01 3.549999999999999822e+00 5.284634328086217081e-02
8.000000000000000444e-01 3.600000000000000089e+00 2.586537580765430402e-02
8.000000000000000444e-01 3.649999999999999911e+00 5.693357739063807654e-02
8.000000000000000444e-01 3.700000000000000178e+00 5.877504036346493238e-02
8.000000000000000444e-01 3.750000000000000000e+00 3.727617044560508838e-03
8.000000000000000444e-01 3.799999999999999822e+00 4.944467797771238959e-03
8.000000000000000444e-01 3.850000000000000089e+00 1.023143031385290863e-02
8.000000000000000444e-01 3.899999999999999911e+00 4.176579545176137449e-03
8.000000000000000444e-01 3.950000000000000178e+00 8.075232701525601395e-03
8.000000000000000444e-01 4.000000000000000000e+00 0.000000000000000000e+00
2.999999999999999889e-01 5.000000000000000278e-02 6.952407306832272121e-03
2.999999999999999889e-01 1.000000000000000056e-01 9.458922476922895090e-03
2.999999999999999889e-01 1.499999999999999944e-01 7.762067600576742082e-03
2.999999999999999889e-01 2.000000000000000111e-01 8.562393290372968466e-03
2.999999999999999889e-01 2.500000000000000000e-01 7.497324746818529416e-03
2.999999999999999889e-01 2.999999999999999889e-01 1.959626404735051799e-02
2.999999999999999889e-01 3.499999999999999778e-01 9.793579447033363972e-02
2.999999999999999889e-01 4.000000000000000222e-01 1.149570011207235870e-01
2.999999999999999889e-01 4.500000000000000111e-01 2.510669682396324265e-01
2.999999999999999889e-01 5.000000000000000000e-01 4.079890048472523678e-01
2.999999999999999889e-01 5.500000000000000444e-01 5.781551567123248692e-01
2.999999999999999889e-01 5.999999999999999778e-01 4.109495493876721417e-01
2.999999999999999889e-01 6.500000000000000222e-01 2.397699374173859199e-01
2.999999999999999889e-01 6.999999999999999556e-01 4.793343983376606166e-01
2.999999999999999889e-01 7.500000000000000000e-01 4.673208911542389155e-01
2.999999999999999889e-01 8.000000000000000444e-01 2.792714769496819072e-01
2.999999999999999889e-01 8.499999999999999778e-01 3.572527699951127400e-01
2.999999999999999889e-01 9.000000000000000222e-01 6.525704651491128772e-01
2.999999999999999889e-01 9.499999999999999556e-01 1.000000000000000000e+00
2.999999999999999889e-01 1.000000000000000000e+00 6.066733225860209133e-01
2.999999999999999889e-01 1.050000000000000044e+00 3.184375659654837265e-01
2.999999999999999889e-01 1.100000000000000089e+00 1.475712514172610734e-01
2.999999999999999889e-01 1.149999999999999911e+00 5.779688935368292035e-02
2.999999999999999889e-01 1.199999999999999956e+00 7.922045370971332601e-02
2.999999999999999889e-01 1.250000000000000000e+00 6.167854466942877117e-02
2.999999999999999889e-01 1.300000000000000044e+00 4.472596022079450978e-02
2.999999999999999889e-01 1.350000000000000089e+00 4.172034218088314927e-02
2.999999999999999889e-01 1.399999999999999911e+00 5.968277676798186548e-02
2.999999999999999889e-01 1.449999999999999956e+00 3.003714912235900744e-02
2.999999999999999889e-01 1.500000000000000000e+00 1.809954102989681235e-01
2.999999999999999889e-01 1.550000000000000044e+00 1.732082149057874720e-01
2.999999999999999889e-01 1.600000000000000089e+00 1.762160607366941231e-02
2.999999999999999889e-01 1.649999999999999911e+00 1.529814554512158239e-02
2.999999999999999889e-01 1.699999999999999956e+00 2.170440129143834038e-02
2.999999999999999889e-01 1.750000000000000000e+00 2.054963439087236984e-02
2.999999999999999889e-01 1.800000000000000044e+00 1.437482724707311518e-02
2.999999999999999889e-01 1.850000000000000089e+00 5.132631538784029890e-02
2.999999999999999889e-01 1.899999999999999911e+00 3.661524346384146394e-02
2.999999999999999889e-01 1.949999999999999956e+00 2.078802887330143123e-02
2.999999999999999889e-01 2.000000000000000000e+00 3.468810932890175475e-02
2.999999999999999889e-01 2.049999999999999822e+00 2.862925721245106886e-02
2.999999999999999889e-01 2.100000000000000089e+00 1.393620102857918118e-02
2.999999999999999889e-01 2.149999999999999911e+00 1.393094486489961266e-02
2.999999999999999889e-01 2.200000000000000178e+00 2.013941857838353819e-02
2.999999999999999889e-01 2.250000000000000000e+00 2.353203994715083805e-02
2.999999999999999889e-01 2.299999999999999822e+00 3.037380684936411696e-02
2.999999999999999889e-01 2.350000000000000089e+00 2.571470842690275205e-02
2.999999999999999889e-01 2.399999999999999911e+00 2.210360009755257468e-02
2.999999999999999889e-01 2.450000000000000178e+00 1.782818415616024485e-02
2.999999999999999889e-01 2.500000000000000000e+00 4.182357503884006483e-02
2.999999999999999889e-01 2.549999999999999822e+00 3.002517132705279090e-02
2.999999999999999889e-01 2.600000000000000089e+00 2.527024290064618442e-02
2.999999999999999889e-01 2.649999999999999911e+00 2.740617087588704398e-02
2.999999999999999889e-01 2.700000000000000178e+00 2.054729228266425484e-02
2.999999999999999889e-01 2.750000000000000000e+00 2.064018465892959731e-02
2.999999999999999889e-01 2.799999999999999822e+00 2.357412124660174246e-02
2.999999999999999889e-01 2.850000000000000089e+00 3.577694416617298312e-02
2.999999999999999889e-01 2.899999999999999911e+00 3.540174671125922989e-02
2.999999999999999889e-01 2.950000000000000178e+00 3.717741110273717342e-02
2.999999999999999889e-01 3.000000000000000000e+00 3.841565042163348764e-02
2.999999999999999889e-01 3.049999999999999822e+00 5.268774888639379816e-02
2.999999999999999889e-01 3.100000000000000089e+00 2.904421596470896372e-02
2.999999999999999889e-01 3.149999999999999911e+00 3.429477561516119238e-02
2.999999999999999889e-01 3.200000000000000178e+00 5.369755893579150618e-02
2.999999999999999889e-01 3.250000000000000000e+00 3.534633011880863179e-02
2.999999999999999889e-01 3.299999999999999822e+00 3.006708469337265183e-02
2.999999999999999889e-01 3.350000000000000089e+00 2.140280167518465379e-02
2.999999999999999889e-01 3.399999999999999911e+00 1.478395636395230667e-02
2.999999999999999889e-01 3.450000000000000178e+00 8.477343794392654119e-03
2.999999999999999889e-01 3.500000000000000000e+00 1.247795257030109850e-02
2.999999999999999889e-01 3.549999999999999822e+00 1.371768937654552212e-02
2.999999999999999889e-01 3.600000000000000089e+00 1.511517676693955453e-02
2.999999999999999889e-01 3.649999999999999911e+00 5.757631598128974681e-02
2.999999999999999889e-01 3.700000000000000178e+00 5.749451839171697970e-02
2.999999999999999889e-01 3.750000000000000000e+00 5.587545919542192402e-02
2.999999999999999889e-01 3.799999999999999822e+00 2.798284595059609414e-02
2.999999999999999889e-01 3.850000000000000089e+00 3.476064036868170559e-02
2.999999999999999889e-01 3.899999999999999911e+00 5.274029893733317431e-02
2.999999999999999889e-01 3.950000000000000178e+00 3.100346328898554923e-02
2.999999999999999889e-01 4.000000000000000000e+00 0.000000000000000000e+00
0.000000000000000000e+00 5.000000000000000278e-02 1.000000000000000000e+00
0.000000000000000000e+00 1.000000000000000056e-01 9.784532510126289218e-01
0.000000000000000000e+00 1.499999999999999944e-01 9.081775542520666988e-01
0.000000000000000000e+00 2.000000000000000111e-01 5.039812675493426930e-01
0.000000000000000000e+00 2.500000000000000000e-01 2.369688957863488599e-01
0.000000000000000000e+00 2.999999999999999889e-01 1.571706885489037586e-01
0.000000000000000000e+00 3.499999999999999778e-01 2.330908095779022360e-01
0.000000000000000000e+00 4.000000000000000222e-01 1.735329467650383595e-01
0.000000000000000000e+00 4.500000000000000111e-01 2.419131296752085603e-01
0.000000000000000000e+00 5.000000000000000000e-01 1.342708926655387658e-01
0.000000000000000000e+00 5.500000000000000444e-01 1.199626833524434499e-01
0.000000000000000000e+00 5.999999999999999778e-01 8.782398395507073907e-02
0.000000000000000000e+00 6.500000000000000222e-01 8.464536264388160258e-02
0.000000000000000000e+00 6.999999999999999556e-01 4.495615859043843726e-02
0.000000000000000000e+00 7.500000000000000000e-01 4.778998627026472823e-01
0.000000000000000000e+00 8.000000000000000444e-01 3.566753082784774875e-01
0.000000000000000000e+00 8.499999999999999778e-01 4.342980747436898242e-02
0.000000000000000000e+00 9.000000000000000222e-01 6.413171599398963252e-02
0.000000000000000000e+00 9.499999999999999556e-01 6.930489985620917615e-02
0.000000000000000000e+00 1.000000000000000000e+00 5.883393423137295297e-02
0.000000000000000000e+00 1.050000000000000044e+00 1.928041569480342179e-02
0.000000000000000000e+00 1.100000000000000089e+00 2.218435719282812676e-02
0.000000000000000000e+00 1.149999999999999911e+00 7.162269396824329226e-02
0.000000000000000000e+00 1.199999999999999956e+00 7.726908999655514310e-02
0.000000000000000000e+00 1.250000000000000000e+00 5.456032014879815678e-02
0.000000000000000000e+00 1.300000000000000044e+00 2.672818056453554053e-02
0.000000000000000000e+00 1.350000000000000089e+00 2.374935841001753895e-02
0.000000000000000000e+00 1.399999999999999911e+00 3.334928903534285088e-02
0.000000000000000000e+00 1.449999999999999956e+00 3.430818834391052841e-02
0.000000000000000000e+00 1.500000000000000000e+00 3.482562231226783711e-02
0.000000000000000000e+00 1.550000000000000044e+00 7.407091794538660234e-02
0.000000000000000000e+00 1.600000000000000089e+00 6.638965389819612151e-02
0.000000000000000000e+00 1.649999999999999911e+00 1.978938845055540699e-02
0.000000000000000000e+00 1.699999999999999956e+00 7.571335388498992569e-02
0.000000000000000000e+00 1.750000000000000000e+00 6.912361544953958548e-02
0.000000000000000000e+00 1.800000000000000044e+00 2.020335985115992439e-02
0.000000000000000000e+00 1.850000000000000089e+00 2.136864558244440729e-02
0.000000000000000000e+00 1.899999999999999911e+00 2.878565748769447083e-02
0.000000000000000000e+00 1.949999999999999956e+00 1.996748233914502971e-02
0.000000000000000000e+00 2.000000000000000000e+00 1.815150636434657849e-02
0.000000000000000000e+00 2.049999999999999822e+00 1.026214536897488150e-01
0.000000000000000000e+00 2.100000000000000089e+00 8.094325938392038511e-02
0.000000000000000000e+00 2.149999999999999911e+00 2.319675693594095561e-02
0.000000000000000000e+00 2.200000000000000178e+00 3.965235322305526999e-02
0.000000000000000000e+00 2.250000000000000000e+00 2.886111765544666433e-02
0.000000000000000000e+00 2.299999999999999822e+00 2.941220890306162766e-02
0.000000000000000000e+00 2.350000000000000089e+00 3.228716190821506044e-02
0.000000000000000000e+00 2.399999999999999911e+00 3.787803924129626298e-02
0.000000000000000000e+00 2.450000000000000178e+00 4.126403706505474972e-02
0.000000000000000000e+00 2.500000000000000000e+00 5.984511397072417305e-02
0.000000000000000000e+00 2.549999999999999822e+00 6.060163310506515300e-02
0.000000000000000000e+00 2.600000000000000089e+00 4.208396847451366385e-02
0.000000000000000000e+00 2.649999999999999911e+00 3.573732930677811503e-02
0.000000000000000000e+00 2.700000000000000178e+00 3.387601326688062520e-02
0.000000000000000000e+00 2.750000000000000000e+00 2.615399693309427426e-02
0.000000000000000000e+00 2.799999999999999822e+00 3.128027725026511635e-02
0.000000000000000000e+00 2.850000000000000089e+00 2.551969007357740224e-02
0.000000000000000000e+00 2.899999999999999911e+00 4.468790721722556980e-02
0.000000000000000000e+00 2.950000000000000178e+00 3.513166380396301469e-02
0.000000000000000000e+00 3.000000000000000000e+00 3.564338686089546515e-02
0.000000000000000000e+00 3.049999999999999822e+00 3.993816490451830570e-02
0.000000000000000000e+00 3.100000000000000089e+00 3.521121349335572942e-02
0.000000000000000000e+00 3.149999999999999911e+00 3.971160243902343429e-02
0.000000000000000000e+00 3.200000000000000178e+00 3.357859750115244069e-02
0.000000000000000000e+00 3.250000000000000000e+00 2.502920792654693416e-02
0.000000000000000000e+00 3.299999999999999822e+00 1.880156746325289605e-02
0.000000000000000000e+00 3.350000000000000089e+00 3.037659891991523545e-02
0.000000000000000000e+00 3.399999999999999911e+00 2.108801801754607227e-02
0.000000000000000000e+00 3.450000000000000178e+00 2.330527732283533063e-02
0.000000000000000000e+00 3.500000000000000000e+00 3.096363660310253244e-02
0.000000000000000000e+00 3.549999999999999822e+00 2.882215386880770253e-02
0.000000000000000000e+00 3.600000000000000089e+00 3.051374191939820388e-02
0.000000000000000000e+00 3.649999999999999911e+00 8.538355858449630034e-03
0.000000000000000000e+00 3.700000000000000178e+00 1.139012033901221771e-02
0.000000000000000000e+00 3.750000000000000000e+00 9.190351843536908108e-03
0.000000000000000000e+00 3.799999999999999822e+00 1.919587696322263767e-02
0.000000000000000000e+00 3.850000000000000089e+00 1.097253217646325905e-02
0.000000000000000000e+00 3.899999999999999911e+00 5.098012981034794056e-02
0.000000000000000000e+00 3.950000000000000178e+00 2.984411697609252317e-02
0.000000000000000000e+00 4.000000000000000000e+00 0.000000000000000000e+00
2.000000000000000111e-01 5.000000000000000278e-02 4.095536090862318852e-03
2.000000000000000111e-01 1.000000000000000056e-01 8.409883989983589839e-03
2.000000000000000111e-01 1.499999999999999944e-01 6.392877621283146738e-02
2.000000000000000111e-01 2.000000000000000111e-01 1.039416876835794479e-01
2.000000000000000111e-01 2.500000000000000000e-01 2.472749314656670916e-01
2.000000000000000111e-01 2.999999999999999889e-01 2.717974100381729818e-01
2.000000000000000111e-01 3.499999999999999778e-01 2.320287538974457886e-01
2.000000000000000111e-01 4.000000000000000222e-01 2.282938377812774589e-01
2.000000000000000111e-01 4.500000000000000111e-01 2.806459280908651377e-01
2.000000000000000111e-01 5.000000000000000000e-01 2.439394877843828191e-01
2.000000000000000111e-01 5.500000000000000444e-01 3.310292744266842835e-01
2.000000000000000111e-01 5.999999999999999778e-01 5.310693893792378661e-01
2.000000000000000111e-01 6.500000000000000222e-01 1.000000000000000000e+00
2.000000000000000111e-01 6.999999999999999556e-01 6.848538657623177706e-01
2.000000000000000111e-01 7.500000000000000000e-01 2.678499707824238407e-01
2.000000000000000111e-01 8.000000000000000444e-01 9.594901312507739255e-02
2.000000000000000111e-01 8.499999999999999778e-01 4.836136422516826294e-02
2.000000000000000111e-01 9.000000000000000222e-01 4.226985554174513687e-02
2.000000000000000111e-01 9.499999999999999556e-01 4.358353574943833048e-02
2.000000000000000111e-01 1.000000000000000000e+00 8.338216028120218337e-02
2.000000000000000111e-01 1.050000000000000044e+00 3.252349839370829304e-02
2.000000000000000111e-01 1.100000000000000089e+00 2.742512665789477791e-02
2.000000000000000111e-01 1.149999999999999911e+00 3.190612687243898210e-02
2.000000000000000111e-01 1.199999999999999956e+00 2.261309618456599016e-02
2.000000000000000111e-01 1.250000000000000000e+00 3.190165913223143995e-02
2.000000000000000111e-01 1.300000000000000044e+00 3.922829848709529638e-02
2.000000000000000111e-01 1.350000000000000089e+00 1.420606549331501767e-02
2.000000000000000111e-01 1.399999999999999911e+00 1.413243157084950914e-02
2.000000000000000111e-01 1.449999999999999956e+00 1.285914546359930889e-02
2.000000000000000111e-01 1.500000000000000000e+00 2.197614044032495176e-02
2.000000000000000111e-01 1.550000000000000044e+00 1.675450532858946059e-02
2.000000000000000111e-01 1.600000000000000089e+00 1.942663008211940184e-02
2.000000000000000111e-01 1.649999999999999911e+00 2.739439248769118609e-02
2.000000000000000111e-01 1.699999999999999956e+00 2.117244999873118400e-02
2.000000000000000111e-01 1.750000000000000000e+00 1.836465453122495053e-02
2.000000000000000111e-01 1.800000000000000044e+00 1.599667625326208625e-02
2.000000000000000111e-01 1.850000000000000089e+00 8.937034687342212610e-03
2.000000000000000111e-01 1.899999999999999911e+00 1.059647912250170215e-02
2.000000000000000111e-01 1.949999999999999956e+00 1.803270964333134330e-01
2.000000000000000111e-01 2.000000000000000000e+00 2.352967467724796646e-01
2.000000000000000111e-01 2.049999999999999822e+00 1.181310335821093675e-02
2.000000000000000111e-01 2.100000000000000089e+00 9.483973572578449640e-03
2.000000000000000111e-01 2.149999999999999911e+00 1.209960692709075025e-02
2.000000000000000111e-01 2.200000000000000178e+00 3.858589796282377304e-02
2.000000000000000111e-01 2.250000000000000000e+00 1.590561775745515799e-02
2.000000000000000111e-01 2.299999999999999822e+00 1.032743420590963822e-02
2.000000000000000111e-01 2.350000000000000089e+00 1.265796321436855713e-02
2.000000000000000111e-01 2.399999999999999911e+00 1.225706438535673591e-02
2.000000000000000111e-01 2.450000000000000178e+00 1.276446554248079034e-02
2.000000000000000111e-01 2.500000000000000000e+00 8.608287748685159932e-03
2.000000000000000111e-01 2.549999999999999822e+00 1.473831641947173643e-02
2.000000000000000111e-01 2.600000000000000089e+00 2.026923456897724782e-02
2.000000000000000111e-01 2.649999999999999911e+00 2.316404207033848778e-02
2.000000000000000111e-01 2.700000000000000178e+00 2.159171299722838569e-02
2.000000000000000111e-01 2.750000000000000000e+00 1.762065920059210922e-02
2.000000000000000111e-01 2.799999999999999822e+00 1.992552725278847955e-02
2.000000000000000111e-01 2.850000000000000089e+00 1.529216119346490758e-02
2.000000000000000111e-01 2.899999999999999911e+00 2.158299620114633235e-02
2.000000000000000111e-01 2.950000000000000178e+00 3.407749721595497439e-02
2.000000000000000111e-01 3.000000000000000000e+00 2.438791555732047756e-02
2.000000000000000111e-01 3.049999999999999822e+00 1.835489035945293487e-02
2.000000000000000111e-01 3.100000000000000089e+00 2.450109360805153083e-02
2.000000000000000111e-01 3.149999999999999911e+00 2.394951356608247470e-02
2.000000000000000111e-01 3.200000000000000178e+00 2.587553666102842750e-02
2.000000000000000111e-01 3.250000000000000000e+00 1.747484179001059998e-02
2.000000000000000111e-01 3.299999999999999822e+00 2.046081124274405291e-02
2.000000000000000111e-01 3.350000000000000089e+00 1.990170440968615923e-02
2.000000000000000111e-01 3.399999999999999911e+00 1.248572726359056632e-02
2.000000000000000111e-01 3.450000000000000178e+00 1.215959223702320346e-02
2.000000000000000111e-01 3.500000000000000000e+00 6.670366791779178302e-03
2.000000000000000111e-01 3.549999999999999822e+00 1.555644645823736627e-02
2.000000000000000111e-01 3.600000000000000089e+00 5.807965654224946789e-03
2.000000000000000111e-01 3.649999999999999911e+00 9.444064008075229999e-03
2.000000000000000111e-01 3.700000000000000178e+00 1.666252713522774209e-02
2.000000000000000111e-01 3.750000000000000000e+00 1.781788503699746617e-02
2.000000000000000111e-01 3.799999999999999822e+00 2.067568690282651708e-02
2.000000000000000111e-01 3.850000000000000089e+00 2.178165123033272074e-02
2.000000000000000111e-01 3.899999999999999911e+00 1.982844179697718784e-02
2.000000000000000111e-01 3.950000000000000178e+00 1.155622409930835565e-01
2.000000000000000111e-01 4.000000000000000000e+00 0.000000000000000000e+00
