5.999999999999999778e-01 5.000000000000000278e-02 1.442284249383754893e-02
5.999999999999999778e-01 1.000000000000000056e-01 1.810688039044098738e-02
5.999999999999999778e-01 1.499999999999999944e-01 1.939504158176017304e-02
5.999999999999999778e-01 2.000000000000000111e-01 2.302133037340802629e-02
5.999999999999999778e-01 2.500000000000000000e-01 1.899165046484881797e-02
5.999999999999999778e-01 2.999999999999999889e-01 1.485946009801523797e-02
5.999999999999999778e-01 3.499999999999999778e-01 8.445097266521669685e-03
5.999999999999999778e-01 4.000000000000000222e-01 8.555067659601294991e-03
5.999999999999999778e-01 4.500000000000000111e-01 1.228534598359413976e-02
5.999999999999999778e-01 5.000000000000000000e-01 3.643179940245538928e-02
5.999999999999999778e-01 5.500000000000000444e-01 3.113549541912489366e-02
5.999999999999999778e-01 5.999999999999999778e-01 8.789269933729712200e-03
5.999999999999999778e-01 6.500000000000000222e-01 1.213465564424644032e-02
5.999999999999999778e-01 6.999999999999999556e-01 7.345397216586191727e-03
5.999999999999999778e-01 7.500000000000000000e-01 5.744006130026134242e-03
5.999999999999999778e-01 8.000000000000000444e-01 1.564892710397807959e-02
5.999999999999999778e-01 8.499999999999999778e-01 5.687890295960730536e-02
5.999999999999999778e-01 9.000000000000000222e-01 5.300035728815754438e-02
5.999999999999999778e-01 9.499999999999999556e-01 9.747259107854683302e-01
5.999999999999999778e-01 1.000000000000000000e+00 1.000000000000000000e+00
5.999999999999999778e-01 1.050000000000000044e+00 1.846689629199626814e-01
5.999999999999999778e-01 1.100000000000000089e+00 9.787693231739158506e-02
5.999999999999999778e-01 1.149999999999999911e+00 1.557681028499727227e-01
5.999999999999999778e-01 1.199999999999999956e+00 2.014850189187750718e-01
5.999999999999999778e-01 1.250000000000000000e+00 3.415678198550182731e-01
5.999999999999999778e-01 1.300000000000000044e+00 1.219619230075297406e-01
5.999999999999999778e-01 1.350000000000000089e+00 1.625889199894660631e-01
5.999999999999999778e-01 1.399999999999999911e+00 3.007705206203407089e-01
5.999999999999999778e-01 1.449999999999999956e+00 3.844755807257044800e-01
5.999999999999999778e-01 1.500000000000000000e+00 5.084419504209692908e-01
5.999999999999999778e-01 1.550000000000000044e+00 6.330751426590193187e-01
5.999999999999999778e-01 1.600000000000000089e+00 7.428337517938962131e-01
5.999999999999999778e-01 1.649999999999999911e+00 7.176367585068418320e-01
5.999999999999999778e-01 1.699999999999999956e+00 7.039507386125500865e-01
5.999999999999999778e-01 1.750000000000000000e+00 4.927549232387546940e-01
5.999999999999999778e-01 1.800000000000000044e+00 3.562597253437313483e-01
5.999999999999999778e-01 1.850000000000000089e+00 2.124823639066735492e-01
5.999999999999999778e-01 1.899999999999999911e+00 1.690491198787160421e-01
5.999999999999999778e-01 1.949999999999999956e+00 1.087910094362519453e-01
5.999999999999999778e-01 2.000000000000000000e+00 7.321235678946461101e-02
5.999999999999999778e-01 2.049999999999999822e+00 6.852648805166605683e-02
5.999999999999999778e-01 2.100000000000000089e+00 6.308860730642659731e-02
5.999999999999999778e-01 2.149999999999999911e+00 5.589338326431103621e-02
5.999999999999999778e-01 2.200000000000000178e+00 6.755966700697817184e-02
5.999999999999999778e-01 2.250000000000000000e+00 4.673962007906276583e-02
5.999999999999999778e-01 2.299999999999999822e+00 7.469136663779803176e-02
5.999999999999999778e-01 2.350000000000000089e+00 1.012408665007084319e-01
5.999999999999999778e-01 2.399999999999999911e+00 5.366579871870430507e-02
5.999999999999999778e-01 2.450000000000000178e+00 6.326913984894616538e-02
5.999999999999999778e-01 2.500000000000000000e+00 7.792377942216609232e-02
5.999999999999999778e-01 2.549999999999999822e+00 3.908829374734208717e-02
5.999999999999999778e-01 2.600000000000000089e+00 3.887876589987421944e-02
5.999999999999999778e-01 2.649999999999999911e+00 3.429147159933808309e-02
5.999999999999999778e-01 2.700000000000000178e+00 4.587873693539561842e-02
5.999999999999999778e-01 2.750000000000000000e+00 4.098170167941517922e-02
5.999999999999999778e-01 2.799999999999999822e+00 6.048126555629981804e-02
5.999999999999999778e-01 2.850000000000000089e+00 2.857909826991465035e-02
5.999999999999999778e-01 2.899999999999999911e+00 6.548811934316325911e-02
5.999999999999999778e-01 2.950000000000000178e+00 4.403252028760205189e-02
5.999999999999999778e-01 3.000000000000000000e+00 2.775408950141726797e-02
5.999999999999999778e-01 3.049999999999999822e+00 3.944101288850244968e-02
5.999999999999999778e-01 3.100000000000000089e+00 4.970779978767699697e-02
5.999999999999999778e-01 3.149999999999999911e+00 7.234693796740866711e-02
5.999999999999999778e-01 3.200000000000000178e+00 1.397433809980115349e-01
5.999999999999999778e-01 3.250000000000000000e+00 1.738965518389807563e-01
5.999999999999999778e-01 3.299999999999999822e+00 2.378586065284307716e-01
5.999999999999999778e-01 3.350000000000000089e+00 1.017622025300951583e-01
5.999999999999999778e-01 3.399999999999999911e+00 1.804404984139887369e-01
5.999999999999999778e-01 3.450000000000000178e+00 3.885371290008416550e-02
5.999999999999999778e-01 3.500000000000000000e+00 6.980894962129872983e-02
5.999999999999999778e-01 3.549999999999999822e+00 2.449422803915808911e-01
5.999999999999999778e-01 3.600000000000000089e+00 2.162281876888755006e-01
5.999999999999999778e-01 3.649999999999999911e+00 2.254762713645736688e-02
5.999999999999999778e-01 3.700000000000000178e+00 1.476629583295814563e-02
5.999999999999999778e-01 3.750000000000000000e+00 7.013088598642336878e-03
5.999999999999999778e-01 3.799999999999999822e+00 4.711462570829279273e-03
5.999999999999999778e-01 3.850000000000000089e+00 7.520827526152782695e-03
5.999999999999999778e-01 3.899999999999999911e+00 3.956623709770200337e-03
5.999999999999999778e-01 3.950000000000000178e+00 2.293106148195056884e-02
5.999999999999999778e-01 4.000000000000000000e+00 0.000000000000000000e+00
1.000000000000000000e+00 5.000000000000000278e-02 1.287629695377776832e-03
1.000000000000000000e+00 1.000000000000000056e-01 8.436989062179257176e-04
1.000000000000000000e+00 1.499999999999999944e-01 1.632083334193614507e-03
1.000000000000000000e+00 2.000000000000000111e-01 6.892652750838993390e-04
1.000000000000000000e+00 2.500000000000000000e-01 1.046121957736060497e-03
1.000000000000000000e+00 2.999999999999999889e-01 1.067950937404057825e-03
1.000000000000000000e+00 3.499999999999999778e-01 7.758794677133146276e-04
1.000000000000000000e+00 4.000000000000000222e-01 9.385259297464271493e-04
1.000000000000000000e+00 4.500000000000000111e-01 1.849465097333371621e-03
1.000000000000000000e+00 5.000000000000000000e-01 1.283821944743911885e-03
1.000000000000000000e+00 5.500000000000000444e-01 1.306187127404580045e-03
1.000000000000000000e+00 5.999999999999999778e-01 1.515300542837536013e-03
1.000000000000000000e+00 6.500000000000000222e-01 1.109231628375226654e-03
1.000000000000000000e+00 6.999999999999999556e-01 1.275693734446477646e-03
1.000000000000000000e+00 7.500000000000000000e-01 1.175333577093816287e-03
1.000000000000000000e+00 8.000000000000000444e-01 1.650048487002896223e-03
1.000000000000000000e+00 8.499999999999999778e-01 2.106835232977523602e-03
1.000000000000000000e+00 9.000000000000000222e-01 1.592339395468225782e-03
1.000000000000000000e+00 9.499999999999999556e-01 1.501644571483910003e-03
1.000000000000000000e+00 1.000000000000000000e+00 1.339754142875536130e-03
1.000000000000000000e+00 1.050000000000000044e+00 1.462705597405359248e-03
1.000000000000000000e+00 1.100000000000000089e+00 1.311315934085800425e-03
1.000000000000000000e+00 1.149999999999999911e+00 8.890871266561873763e-04
1.000000000000000000e+00 1.199999999999999956e+00 1.740912824608656590e-03
1.000000000000000000e+00 1.250000000000000000e+00 2.016002141656763388e-03
1.000000000000000000e+00 1.300000000000000044e+00 2.158576229711447070e-03
1.000000000000000000e+00 1.350000000000000089e+00 1.540265126418047985e-03
1.000000000000000000e+00 1.399999999999999911e+00 1.975428145117168275e-03
1.000000000000000000e+00 1.449999999999999956e+00 1.851321761962900934e-03
1.000000000000000000e+00 1.500000000000000000e+00 1.633722763107961799e-03
1.000000000000000000e+00 1.550000000000000044e+00 1.598964583650431832e-03
1.000000000000000000e+00 1.600000000000000089e+00 1.266948488157575072e-03
1.000000000000000000e+00 1.649999999999999911e+00 1.357390931370010831e-03
1.000000000000000000e+00 1.699999999999999956e+00 1.455670416484145619e-03
1.000000000000000000e+00 1.750000000000000000e+00 3.419397906943358323e-03
1.000000000000000000e+00 1.800000000000000044e+00 8.919690423054926764e-01
1.000000000000000000e+00 1.850000000000000089e+00 1.000000000000000000e+00
1.000000000000000000e+00 1.899999999999999911e+00 1.974404882536474545e-02
1.000000000000000000e+00 1.949999999999999956e+00 2.013769732498571496e-02
1.000000000000000000e+00 2.000000000000000000e+00 1.663769736003413088e-02
1.000000000000000000e+00 2.049999999999999822e+00 2.668578515407112398e-02
1.000000000000000000e+00 2.100000000000000089e+00 2.930657487091886670e-02
1.000000000000000000e+00 2.149999999999999911e+00 1.899127678532547270e-02
1.000000000000000000e+00 2.200000000000000178e+00 1.594552608995422963e-02
1.000000000000000000e+00 2.250000000000000000e+00 4.123396228979519379e-02
1.000000000000000000e+00 2.299999999999999822e+00 3.462769287457129197e-02
1.000000000000000000e+00 2.350000000000000089e+00 4.261787618922340676e-02
1.000000000000000000e+00 2.399999999999999911e+00 4.894665751594588082e-02
1.000000000000000000e+00 2.450000000000000178e+00 9.215363263965291596e-01
1.000000000000000000e+00 2.500000000000000000e+00 6.112514581992379847e-01
1.000000000000000000e+00 2.549999999999999822e+00 2.301202647284879093e-04
1.000000000000000000e+00 2.600000000000000089e+00 1.056909471567566978e-04
1.000000000000000000e+00 2.649999999999999911e+00 3.996379434727532066e-04
1.000000000000000000e+00 2.700000000000000178e+00 7.147892411070828021e-05
1.000000000000000000e+00 2.750000000000000000e+00 8.127068032545706135e-05
1.000000000000000000e+00 2.799999999999999822e+00 5.346591580777526072e-05
1.000000000000000000e+00 2.850000000000000089e+00 1.034565683349702249e-04
1.000000000000000000e+00 2.899999999999999911e+00 1.771512531525307156e-04
1.000000000000000000e+00 2.950000000000000178e+00 2.316509812221199331e-04
1.000000000000000000e+00 3.000000000000000000e+00 2.313155776973992801e-04
1.000000000000000000e+00 3.049999999999999822e+00 5.936699064109077266e-05
1.000000000000000000e+00 3.100000000000000089e+00 1.894439237366306799e-05
1.000000000000000000e+00 3.149999999999999911e+00 3.374164920123631529e-05
1.000000000000000000e+00 3.200000000000000178e+00 2.593781774494318396e-05
1.000000000000000000e+00 3.250000000000000000e+00 5.084780572963841418e-05
1.000000000000000000e+00 3.299999999999999822e+00 1.828033925904003451e-05
1.000000000000000000e+00 3.350000000000000089e+00 1.910923149103042535e-05
1.000000000000000000e+00 3.399999999999999911e+00 1.464814809614049012e-05
1.000000000000000000e+00 3.450000000000000178e+00 1.632250827464987433e-05
1.000000000000000000e+00 3.500000000000000000e+00 1.478561535830477639e-05
1.000000000000000000e+00 3.549999999999999822e+00 1.318230574663200545e-05
1.000000000000000000e+00 3.600000000000000089e+00 3.004905923323411465e-05
1.000000000000000000e+00 3.649999999999999911e+00 2.065350215269421284e-05
1.000000000000000000e+00 3.700000000000000178e+00 1.931917018032534310e-05
1.000000000000000000e+00 3.750000000000000000e+00 4.017029318693500603e-05
1.000000000000000000e+00 3.799999999999999822e+00 3.092850057689462516e-05
1.000000000000000000e+00 3.850000000000000089e+00 2.461187563841557186e-05
1.000000000000000000e+00 3.899999999999999911e+00 4.483380767788059989e-05
1.000000000000000000e+00 3.950000000000000178e+00 5.508531276267017885e-05
1.000000000000000000e+00 4.000000000000000000e+00 0.000000000000000000e+00
1.000000000000000056e-01 5.000000000000000278e-02 2.773788620139454666e-02
1.000000000000000056e-01 1.000000000000000056e-01 4.931856671978120804e-02
1.000000000000000056e-01 1.499999999999999944e-01 7.336211668643301265e-02
1.000000000000000056e-01 2.000000000000000111e-01 1.023265430875855281e-01
1.000000000000000056e-01 2.500000000000000000e-01 6.036615073448842184e-02
1.000000000000000056e-01 2.999999999999999889e-01 8.568550847334496789e-02
1.000000000000000056e-01 3.499999999999999778e-01 1.351905968353825649e-01
1.000000000000000056e-01 4.000000000000000222e-01 2.733265745020082779e-02
1.000000000000000056e-01 4.500000000000000111e-01 3.093477524841265966e-02
1.000000000000000056e-01 5.000000000000000000e-01 1.527096069849812054e-02
1.000000000000000056e-01 5.500000000000000444e-01 1.031206113722085878e-02
1.000000000000000056e-01 5.999999999999999778e-01 7.045554980274797846e-03
1.000000000000000056e-01 6.500000000000000222e-01 1.454351058980140297e-02
1.000000000000000056e-01 6.999999999999999556e-01 1.182325838222983254e-02
1.000000000000000056e-01 7.500000000000000000e-01 3.878854966406611142e-03
1.000000000000000056e-01 8.000000000000000444e-01 2.412938601786801703e-03
1.000000000000000056e-01 8.499999999999999778e-01 3.117787445129238926e-03
1.000000000000000056e-01 9.000000000000000222e-01 1.734815189260788476e-03
1.000000000000000056e-01 9.499999999999999556e-01 3.095283751842398123e-03
1.000000000000000056e-01 1.000000000000000000e+00 3.141762339658038007e-03
1.000000000000000056e-01 1.050000000000000044e+00 1.315604721745704600e-03
1.000000000000000056e-01 1.100000000000000089e+00 1.174500449379228036e-03
1.000000000000000056e-01 1.149999999999999911e+00 1.656532640688038053e-03
1.000000000000000056e-01 1.199999999999999956e+00 1.709076893173190051e-03
1.000000000000000056e-01 1.250000000000000000e+00 1.711239586180890318e-03
1.000000000000000056e-01 1.300000000000000044e+00 2.134811708684224499e-03
1.000000000000000056e-01 1.350000000000000089e+00 9.968281644458874130e-04
1.000000000000000056e-01 1.399999999999999911e+00 8.900242441718978284e-03
1.000000000000000056e-01 1.449999999999999956e+00 4.141680611374289334e-01
1.000000000000000056e-01 1.500000000000000000e+00 3.815939759072079496e-01
1.000000000000000056e-01 1.550000000000000044e+00 3.182797453864127935e-03
1.000000000000000056e-01 1.600000000000000089e+00 3.340277371330746536e-02
1.000000000000000056e-01 1.649999999999999911e+00 3.297603916360127702e-02
1.000000000000000056e-01 1.699999999999999956e+00 7.330399750329186616e-04
1.000000000000000056e-01 1.750000000000000000e+00 1.143602004932732464e-03
1.000000000000000056e-01 1.800000000000000044e+00 2.203993676127415785e-03
1.000000000000000056e-01 1.850000000000000089e+00 9.341377023290655963e-04
1.000000000000000056e-01 1.899999999999999911e+00 9.230614170883765087e-04
1.000000000000000056e-01 1.949999999999999956e+00 1.112951062156498959e-03
1.000000000000000056e-01 2.000000000000000000e+00 1.408288139760531868e-03
1.000000000000000056e-01 2.049999999999999822e+00 2.024532767489091271e-03
1.000000000000000056e-01 2.100000000000000089e+00 1.155795715565193513e-03
1.000000000000000056e-01 2.149999999999999911e+00 1.181599285171862227e-03
1.000000000000000056e-01 2.200000000000000178e+00 1.017320046994646832e-03
1.000000000000000056e-01 2.250000000000000000e+00 3.729836370318109773e-02
1.000000000000000056e-01 2.299999999999999822e+00 3.988482827636849470e-02
1.000000000000000056e-01 2.350000000000000089e+00 3.134743587115835714e-03
1.000000000000000056e-01 2.399999999999999911e+00 1.000000000000000000e+00
1.000000000000000056e-01 2.450000000000000178e+00 9.528146925826638247e-01
1.000000000000000056e-01 2.500000000000000000e+00 1.794798568282642308e-03
1.000000000000000056e-01 2.549999999999999822e+00 1.579039707658471282e-03
1.000000000000000056e-01 2.600000000000000089e+00 1.109974864461078141e-03
1.000000000000000056e-01 2.649999999999999911e+00 2.450453668778392914e-03
1.000000000000000056e-01 2.700000000000000178e+00 2.786222539210107211e-03
1.000000000000000056e-01 2.750000000000000000e+00 1.458149382234342432e-03
1.000000000000000056e-01 2.799999999999999822e+00 3.277512244090976384e-03
1.000000000000000056e-01 2.850000000000000089e+00 4.030882514128114602e-03
1.000000000000000056e-01 2.899999999999999911e+00 1.556083180434194701e-03
1.000000000000000056e-01 2.950000000000000178e+00 2.193977313228298066e-03
1.000000000000000056e-01 3.000000000000000000e+00 2.728862061278511213e-03
1.000000000000000056e-01 3.049999999999999822e+00 2.034661981165869146e-03
1.000000000000000056e-01 3.100000000000000089e+00 2.021963218186681715e-03
1.000000000000000056e-01 3.149999999999999911e+00 1.484127607181640919e-03
1.000000000000000056e-01 3.200000000000000178e+00 1.109234654214410901e-03
1.000000000000000056e-01 3.250000000000000000e+00 1.192036199376222396e-03
1.000000000000000056e-01 3.299999999999999822e+00 1.439086113672379897e-03
1.000000000000000056e-01 3.350000000000000089e+00 7.925523055075910919e-04
1.000000000000000056e-01 3.399999999999999911e+00 5.821201187070236928e-04
1.000000000000000056e-01 3.450000000000000178e+00 1.134888710900291454e-03
1.000000000000000056e-01 3.500000000000000000e+00 5.262303852947424788e-03
1.000000000000000056e-01 3.549999999999999822e+00 5.136074105058043016e-03
1.000000000000000056e-01 3.600000000000000089e+00 1.236487046736005129e-03
1.000000000000000056e-01 3.649999999999999911e+00 1.033989298878945596e-03
1.000000000000000056e-01 3.700000000000000178e+00 1.284237254756480590e-03
1.000000000000000056e-01 3.750000000000000000e+00 1.432736180735551083e-03
1.000000000000000056e-01 3.799999999999999822e+00 1.959431967917288180e-03
1.000000000000000056e-01 3.850000000000000089e+00 4.248928508316662973e-03
1.000000000000000056e-01 3.899999999999999911e+00 4.566666259287262275e-03
1.000000000000000056e-01 3.950000000000000178e+00 8.104534147967095217e-03
1.000000000000000056e-01 4.000000000000000000e+00 0.000000000000000000e+00
5.000000000000000000e-01 5.000000000000000278e-02 7.952413674021909656e-03
5.000000000000000000e-01 1.000000000000000056e-01 1.182745227084115031e-02
5.000000000000000000e-01 1.499999999999999944e-01 2.684640851213469098e-02
5.000000000000000000e-01 2.000000000000000111e-01 1.766681157049936404e-02
5.000000000000000000e-01 2.500000000000000000e-01 2.460994770231340889e-02
5.000000000000000000e-01 2.999999999999999889e-01 1.513444548891907694e-02
5.000000000000000000e-01 3.499999999999999778e-01 2.270245654096255533e-02
5.000000000000000000e-01 4.000000000000000222e-01 1.719021909179840879e-02
5.000000000000000000e-01 4.500000000000000111e-01 1.188466126529853784e-02
5.000000000000000000e-01 5.000000000000000000e-01 7.819200087218498157e-03
5.000000000000000000e-01 5.500000000000000444e-01 1.237196315077185998e-02
5.000000000000000000e-01 5.999999999999999778e-01 1.453898015171121473e-02
5.000000000000000000e-01 6.500000000000000222e-01 1.703510213305067106e-02
5.000000000000000000e-01 6.999999999999999556e-01 4.922009951841192082e-02
5.000000000000000000e-01 7.500000000000000000e-01 1.484431753639380847e-01
5.000000000000000000e-01 8.000000000000000444e-01 3.084797924982821127e-01
5.000000000000000000e-01 8.499999999999999778e-01 2.333516101401733600e-01
5.000000000000000000e-01 9.000000000000000222e-01 2.113617277164543395e-01
5.000000000000000000e-01 9.499999999999999556e-01 1.708495924941205446e-01
5.000000000000000000e-01 1.000000000000000000e+00 2.581144978808550539e-01
5.000000000000000000e-01 1.050000000000000044e+00 4.987862522296471202e-01
5.000000000000000000e-01 1.100000000000000089e+00 2.866107934018109482e-01
5.000000000000000000e-01 1.149999999999999911e+00 4.460521894205954352e-01
5.000000000000000000e-01 1.199999999999999956e+00 6.602013161990346601e-01
5.000000000000000000e-01 1.250000000000000000e+00 3.851553419234522990e-01
5.000000000000000000e-01 1.300000000000000044e+00 5.287774815551752328e-01
5.000000000000000000e-01 1.350000000000000089e+00 3.723142357380853085e-01
5.000000000000000000e-01 1.399999999999999911e+00 7.077836226755411797e-01
5.000000000000000000e-01 1.449999999999999956e+00 1.000000000000000000e+00
5.000000000000000000e-01 1.500000000000000000e+00 5.611925235347712260e-01
5.000000000000000000e-01 1.550000000000000044e+00 4.702238063024253845e-01
5.000000000000000000e-01 1.600000000000000089e+00 3.121608592274925931e-01
5.000000000000000000e-01 1.649999999999999911e+00 1.882569213781094264e-01
5.000000000000000000e-01 1.699999999999999956e+00 1.422498305073203184e-01
5.000000000000000000e-01 1.750000000000000000e+00 7.773267772364514383e-02
5.000000000000000000e-01 1.800000000000000044e+00 4.336532785615711955e-02
5.000000000000000000e-01 1.850000000000000089e+00 6.845863765526805089e-02
5.000000000000000000e-01 1.899999999999999911e+00 9.064210570265655853e-02
5.000000000000000000e-01 1.949999999999999956e+00 4.188670322997457840e-02
5.000000000000000000e-01 2.000000000000000000e+00 7.809848073993468087e-02
5.000000000000000000e-01 2.049999999999999822e+00 3.656589202279186823e-02
5.000000000000000000e-01 2.100000000000000089e+00 4.489468014463061929e-02
5.000000000000000000e-01 2.149999999999999911e+00 5.686659892276783868e-02
5.000000000000000000e-01 2.200000000000000178e+00 8.034255696607195407e-02
5.000000000000000000e-01 2.250000000000000000e+00 6.378103767837259297e-02
5.000000000000000000e-01 2.299999999999999822e+00 2.992423144601535565e-02
5.000000000000000000e-01 2.350000000000000089e+00 4.560972533201600870e-02
5.000000000000000000e-01 2.399999999999999911e+00 9.509236362297393552e-02
5.000000000000000000e-01 2.450000000000000178e+00 5.472424304510951215e-02
5.000000000000000000e-01 2.500000000000000000e+00 3.737646937543826625e-02
5.000000000000000000e-01 2.549999999999999822e+00 5.639307465123764851e-02
5.000000000000000000e-01 2.600000000000000089e+00 5.005150255201468168e-02
5.000000000000000000e-01 2.649999999999999911e+00 4.925352770753788773e-02
5.000000000000000000e-01 2.700000000000000178e+00 7.283405626130286248e-02
5.000000000000000000e-01 2.750000000000000000e+00 3.000198459038469490e-02
5.000000000000000000e-01 2.799999999999999822e+00 4.610530208267724778e-02
5.000000000000000000e-01 2.850000000000000089e+00 4.587982813343837590e-02
5.000000000000000000e-01 2.899999999999999911e+00 3.698587368291757216e-02
5.000000000000000000e-01 2.950000000000000178e+00 4.438238269463679053e-02
5.000000000000000000e-01 3.000000000000000000e+00 6.373534598415264707e-02
5.000000000000000000e-01 3.049999999999999822e+00 7.344382825125088388e-02
5.000000000000000000e-01 3.100000000000000089e+00 7.785078080171914383e-02
5.000000000000000000e-01 3.149999999999999911e+00 1.010073491834075077e-01
5.000000000000000000e-01 3.200000000000000178e+00 5.346176614770248997e-02
5.000000000000000000e-01 3.250000000000000000e+00 1.031124336527312196e-01
5.000000000000000000e-01 3.299999999999999822e+00 1.150986897068798226e-01
5.000000000000000000e-01 3.350000000000000089e+00 9.993823975334302501e-02
5.000000000000000000e-01 3.399999999999999911e+00 7.301919370569436019e-02
5.000000000000000000e-01 3.450000000000000178e+00 4.626997871275514290e-02
5.000000000000000000e-01 3.500000000000000000e+00 5.972373326752004191e-02
5.000000000000000000e-01 3.549999999999999822e+00 1.965644256607347040e-01
5.000000000000000000e-01 3.600000000000000089e+00 2.716894024707380839e-01
5.000000000000000000e-01 3.649999999999999911e+00 7.849596420360720195e-02
5.000000000000000000e-01 3.700000000000000178e+00 2.271869285976611808e-02
5.000000000000000000e-01 3.750000000000000000e+00 2.086395904207540009e-02
5.000000000000000000e-01 3.799999999999999822e+00 4.847769648368321915e-02
5.000000000000000000e-01 3.850000000000000089e+00 4.501107987493833951e-02
5.000000000000000000e-01 3.899999999999999911e+00 2.409281579224727826e-02
5.000000000000000000e-01 3.950000000000000178e+00 1.128105804725714964e-02
5.000000000000000000e-01 4.000000000000000000e+00 0.000000000000000000e+00
9.000000000000000222e-01 5.000000000000000278e-02 1.217194275821324983e-03
9.000000000000000222e-01 1.000000000000000056e-01 7.439813978505453729e-04
9.000000000000000222e-01 1.499999999999999944e-01 7.207968309482310799e-03
9.000000000000000222e-01 2.000000000000000111e-01 7.181644480590808517e-03
9.000000000000000222e-01 2.500000000000000000e-01 1.152579078561203479e-03
9.000000000000000222e-01 2.999999999999999889e-01 1.225306548750562143e-03
9.000000000000000222e-01 3.499999999999999778e-01 1.895214591348561147e-03
9.000000000000000222e-01 4.000000000000000222e-01 1.121237870468588457e-03
9.000000000000000222e-01 4.500000000000000111e-01 6.736160618284005091e-04
9.000000000000000222e-01 5.000000000000000000e-01 8.061584940945006267e-04
9.000000000000000222e-01 5.500000000000000444e-01 1.420802418050911035e-03
9.000000000000000222e-01 5.999999999999999778e-01 3.548291541801024910e-03
9.000000000000000222e-01 6.500000000000000222e-01 2.764348541436125340e-03
9.000000000000000222e-01 6.999999999999999556e-01 2.019573655085001637e-03
9.000000000000000222e-01 7.500000000000000000e-01 1.254853102734452891e-03
9.000000000000000222e-01 8.000000000000000444e-01 9.402909177342703984e-04
9.000000000000000222e-01 8.499999999999999778e-01 1.498683122702895373e-03
9.000000000000000222e-01 9.000000000000000222e-01 9.255625037455286882e-04
9.000000000000000222e-01 9.499999999999999556e-01 1.314310940557373046e-03
9.000000000000000222e-01 1.000000000000000000e+00 8.354359503612165212e-04
9.000000000000000222e-01 1.050000000000000044e+00 1.180504752151510317e-03
9.000000000000000222e-01 1.100000000000000089e+00 1.680555569218346963e-03
9.000000000000000222e-01 1.149999999999999911e+00 1.078930869927969584e-03
9.000000000000000222e-01 1.199999999999999956e+00 1.253354555799514628e-03
9.000000000000000222e-01 1.250000000000000000e+00 1.026104167018030170e-03
9.000000000000000222e-01 1.300000000000000044e+00 1.486674496321780444e-03
9.000000000000000222e-01 1.350000000000000089e+00 1.604837150046547903e-03
9.000000000000000222e-01 1.399999999999999911e+00 1.250291364225892014e-03
9.000000000000000222e-01 1.449999999999999956e+00 7.232091142533766644e-04
9.000000000000000222e-01 1.500000000000000000e+00 1.033043973720049885e-03
9.000000000000000222e-01 1.550000000000000044e+00 8.407912343429572782e-04
9.000000000000000222e-01 1.600000000000000089e+00 8.128682887018070027e-03
9.000000000000000222e-01 1.649999999999999911e+00 2.007283620293512719e-02
9.000000000000000222e-01 1.699999999999999956e+00 2.037388906169620983e-02
9.000000000000000222e-01 1.750000000000000000e+00 1.881551438534490028e-02
9.000000000000000222e-01 1.800000000000000044e+00 2.773119138012645341e-02
9.000000000000000222e-01 1.850000000000000089e+00 2.566407824343153177e-02
9.000000000000000222e-01 1.899999999999999911e+00 3.514419575477124857e-02
9.000000000000000222e-01 1.949999999999999956e+00 3.027483646775827597e-02
9.000000000000000222e-01 2.000000000000000000e+00 2.799404481165057926e-02
9.000000000000000222e-01 2.049999999999999822e+00 6.716783919701584116e-02
9.000000000000000222e-01 2.100000000000000089e+00 6.697292959697689896e-02
9.000000000000000222e-01 2.149999999999999911e+00 1.836539673648893423e-01
9.000000000000000222e-01 2.200000000000000178e+00 1.277029543932074185e-01
9.000000000000000222e-01 2.250000000000000000e+00 4.463168948883161624e-01
9.000000000000000222e-01 2.299999999999999822e+00 6.918034037272942083e-01
9.000000000000000222e-01 2.350000000000000089e+00 1.000000000000000000e+00
9.000000000000000222e-01 2.399999999999999911e+00 2.919664158685358335e-01
9.000000000000000222e-01 2.450000000000000178e+00 1.578112238913992049e-01
9.000000000000000222e-01 2.500000000000000000e+00 1.160872700478927932e-01
9.000000000000000222e-01 2.549999999999999822e+00 5.873432962977707256e-02
9.000000000000000222e-01 2.600000000000000089e+00 1.354976421267902187e-01
9.000000000000000222e-01 2.649999999999999911e+00 6.155131843004279374e-02
9.000000000000000222e-01 2.700000000000000178e+00 9.571561640910578039e-02
9.000000000000000222e-01 2.750000000000000000e+00 6.416729877361998513e-02
9.000000000000000222e-01 2.799999999999999822e+00 4.203335065766008322e-02
9.000000000000000222e-01 2.850000000000000089e+00 5.420438907548737195e-02
9.000000000000000222e-01 2.899999999999999911e+00 4.832963103349974254e-02
9.000000000000000222e-01 2.950000000000000178e+00 4.175598753133508145e-02
9.000000000000000222e-01 3.000000000000000000e+00 3.021199705644687233e-02
9.000000000000000222e-01 3.049999999999999822e+00 3.374903284964006489e-02
9.000000000000000222e-01 3.100000000000000089e+00 3.865886534447748879e-02
9.000000000000000222e-01 3.149999999999999911e+00 3.561818554134019849e-02
9.000000000000000222e-01 3.200000000000000178e+00 4.534288191625952813e-02
9.000000000000000222e-01 3.250000000000000000e+00 4.501911039092278827e-02
9.000000000000000222e-01 3.299999999999999822e+00 2.035734413121657316e-01
9.000000000000000222e-01 3.350000000000000089e+00 6.336244545227651126e-02
9.000000000000000222e-01 3.399999999999999911e+00 6.142310495169913537e-02
9.000000000000000222e-01 3.450000000000000178e+00 2.557059751806745745e-02
9.000000000000000222e-01 3.500000000000000000e+00 1.797173967955059681e-02
9.000000000000000222e-01 3.549999999999999822e+00 6.076620812888910289e-02
9.000000000000000222e-01 3.600000000000000089e+00 1.102573265770818850e-01
9.000000000000000222e-01 3.649999999999999911e+00 1.394323916475082026e-02
9.000000000000000222e-01 3.700000000000000178e+00 2.404153480843922424e-03
9.000000000000000222e-01 3.750000000000000000e+00 2.507630360136377159e-03
9.000000000000000222e-01 3.799999999999999822e+00 2.681745316156045490e-03
9.000000000000000222e-01 3.850000000000000089e+00 6.706832340232230655e-03
9.000000000000000222e-01 3.899999999999999911e+00 5.462165943134663845e-03
9.000000000000000222e-01 3.950000000000000178e+00 2.122033809204144830e-03
9.000000000000000222e-01 4.000000000000000000e+00 0.000000000000000000e+00
4.000000000000000222e-01 5.000000000000000278e-02 1.005945303118691535e-02
4.000000000000000222e-01 1.000000000000000056e-01 9.415101713857849941e-03
4.000000000000000222e-01 1.499999999999999944e-01 1.099141441483908813e-02
4.000000000000000222e-01 2.000000000000000111e-01 1.204062033100976314e-02
4.000000000000000222e-01 2.500000000000000000e-01 1.182705126189141816e-02
4.000000000000000222e-01 2.999999999999999889e-01 1.293175878711844314e-02
4.000000000000000222e-01 3.499999999999999778e-01 1.540547753164150067e-02
4.000000000000000222e-01 4.000000000000000222e-01 1.110942599679794023e-02
4.000000000000000222e-01 4.500000000000000111e-01 2.397620351299642807e-02
4.000000000000000222e-01 5.000000000000000000e-01 4.475552024193187733e-02
4.000000000000000222e-01 5.500000000000000444e-01 1.888903656939338038e-01
4.000000000000000222e-01 5.999999999999999778e-01 2.295899394842085828e-01
4.000000000000000222e-01 6.500000000000000222e-01 6.016614446649449777e-01
4.000000000000000222e-01 6.999999999999999556e-01 3.411452576820835914e-01
4.000000000000000222e-01 7.500000000000000000e-01 3.201005345064297236e-01
4.000000000000000222e-01 8.000000000000000444e-01 3.528402969088730856e-01
4.000000000000000222e-01 8.499999999999999778e-01 3.593525098817784702e-01
4.000000000000000222e-01 9.000000000000000222e-01 2.532767527720866663e-01
4.000000000000000222e-01 9.499999999999999556e-01 6.409027669339204536e-01
4.000000000000000222e-01 1.000000000000000000e+00 4.487155871310262722e-01
4.000000000000000222e-01 1.050000000000000044e+00 5.745463808482187407e-01
4.000000000000000222e-01 1.100000000000000089e+00 2.571867512520716881e-01
4.000000000000000222e-01 1.149999999999999911e+00 9.792515171249767114e-01
4.000000000000000222e-01 1.199999999999999956e+00 8.473442635526886590e-01
4.000000000000000222e-01 1.250000000000000000e+00 1.000000000000000000e+00
4.000000000000000222e-01 1.300000000000000044e+00 5.349625779216471422e-01
4.000000000000000222e-01 1.350000000000000089e+00 2.573005236383898442e-01
4.000000000000000222e-01 1.399999999999999911e+00 1.396221617992111363e-01
4.000000000000000222e-01 1.449999999999999956e+00 6.764516352513634534e-02
4.000000000000000222e-01 1.500000000000000000e+00 6.862542218528544513e-02
4.000000000000000222e-01 1.550000000000000044e+00 4.625319674534004999e-02
4.000000000000000222e-01 1.600000000000000089e+00 4.354421559235235883e-02
4.000000000000000222e-01 1.649999999999999911e+00 6.952608251731361155e-02
4.000000000000000222e-01 1.699999999999999956e+00 3.475640355093630868e-02
4.000000000000000222e-01 1.750000000000000000e+00 2.826053132909867732e-02
4.000000000000000222e-01 1.800000000000000044e+00 2.409992683830942603e-02
4.000000000000000222e-01 1.850000000000000089e+00 2.461242828735974927e-02
4.000000000000000222e-01 1.899999999999999911e+00 2.752901365540643200e-02
4.000000000000000222e-01 1.949999999999999956e+00 3.598506340096625788e-02
4.000000000000000222e-01 2.000000000000000000e+00 2.652601246797413326e-02
4.000000000000000222e-01 2.049999999999999822e+00 2.592674269957019953e-02
4.000000000000000222e-01 2.100000000000000089e+00 1.592168601857737731e-01
4.000000000000000222e-01 2.149999999999999911e+00 1.289910394156967843e-01
4.000000000000000222e-01 2.200000000000000178e+00 2.924776590611138233e-02
4.000000000000000222e-01 2.250000000000000000e+00 3.446817639210306844e-02
4.000000000000000222e-01 2.299999999999999822e+00 8.685243480889205669e-02
4.000000000000000222e-01 2.350000000000000089e+00 3.971123076562474430e-02
4.000000000000000222e-01 2.399999999999999911e+00 3.216320733056148018e-02
4.000000000000000222e-01 2.450000000000000178e+00 3.177267621277149456e-02
4.000000000000000222e-01 2.500000000000000000e+00 3.596359543227025529e-02
4.000000000000000222e-01 2.549999999999999822e+00 2.756508220223594097e-02
4.000000000000000222e-01 2.600000000000000089e+00 2.774674966660268041e-02
4.000000000000000222e-01 2.649999999999999911e+00 2.060113404234728204e-02
4.000000000000000222e-01 2.700000000000000178e+00 3.552970318650912340e-02
4.000000000000000222e-01 2.750000000000000000e+00 3.488481933773170812e-02
4.000000000000000222e-01 2.799999999999999822e+00 3.127329812272250376e-02
4.000000000000000222e-01 2.850000000000000089e+00 4.756212274995734457e-02
4.000000000000000222e-01 2.899999999999999911e+00 7.306237828315960414e-02
4.000000000000000222e-01 2.950000000000000178e+00 4.244849170481311551e-02
4.000000000000000222e-01 3.000000000000000000e+00 4.386458050408486437e-02
4.000000000000000222e-01 3.049999999999999822e+00 4.222150573986997724e-02
4.000000000000000222e-01 3.100000000000000089e+00 3.429929786714244061e-02
4.000000000000000222e-01 3.149999999999999911e+00 2.507380860090740321e-02
4.000000000000000222e-01 3.200000000000000178e+00 3.452213999440246345e-02
4.000000000000000222e-01 3.250000000000000000e+00 5.333947893312935423e-02
4.000000000000000222e-01 3.299999999999999822e+00 6.690903143712471912e-02
4.000000000000000222e-01 3.350000000000000089e+00 7.819842935699927722e-02
4.000000000000000222e-01 3.399999999999999911e+00 3.385305892499120006e-02
4.000000000000000222e-01 3.450000000000000178e+00 3.988673245576707105e-02
4.000000000000000222e-01 3.500000000000000000e+00 4.465428281388200693e-02
4.000000000000000222e-01 3.549999999999999822e+00 2.092538126940854393e-02
4.000000000000000222e-01 3.600000000000000089e+00 3.156624567074736709e-02
4.000000000000000222e-01 3.649999999999999911e+00 1.129699610922349773e-01
4.000000000000000222e-01 3.700000000000000178e+00 1.666465396445480918e-01
4.000000000000000222e-01 3.750000000000000000e+00 3.712174297164732434e-02
4.000000000000000222e-01 3.799999999999999822e+00 5.118043240866480825e-02
4.000000000000000222e-01 3.850000000000000089e+00 3.913640241484804549e-02
4.000000000000000222e-01 3.899999999999999911e+00 2.162220955844797871e-02
4.000000000000000222e-01 3.950000000000000178e+00 2.145850951426299044e-02
4.000000000000000222e-01 4.000000000000000000e+00 0.000000000000000000e+00
6.999999999999999556e-01 5.000000000000000278e-02 7.259399820134113980e-03
6.999999999999999556e-01 1.000000000000000056e-01 5.498013718104799961e-03
6.999999999999999556e-01 1.499999999999999944e-01 7.309187393642955881e-03
6.999999999999999556e-01 2.000000000000000111e-01 1.034466734540220520e-02
6.999999999999999556e-01 2.500000000000000000e-01 1.531070381889590437e-02
6.999999999999999556e-01 2.999999999999999889e-01 1.546444074138507430e-02
6.999999999999999556e-01 3.499999999999999778e-01 7.110012031850149010e-03
6.999999999999999556e-01 4.000000000000000222e-01 8.907288055102076732e-03
6.999999999999999556e-01 4.500000000000000111e-01 1.408241070457963429e-02
6.999999999999999556e-01 5.000000000000000000e-01 8.376232066615392838e-03
6.999999999999999556e-01 5.500000000000000444e-01 7.463666515761692780e-03
6.999999999999999556e-01 5.999999999999999778e-01 5.065259066756365967e-03
6.999999999999999556e-01 6.500000000000000222e-01 2.224243052668721174e-02
6.999999999999999556e-01 6.999999999999999556e-01 2.275065602645588367e-02
6.999999999999999556e-01 7.500000000000000000e-01 5.480812759257499590e-03
6.999999999999999556e-01 8.000000000000000444e-01 6.333534305813520379e-03
6.999999999999999556e-01 8.499999999999999778e-01 4.886487991340746594e-03
6.999999999999999556e-01 9.000000000000000222e-01 7.096336900811659604e-03
6.999999999999999556e-01 9.499999999999999556e-01 4.772619539269324154e-03
6.999999999999999556e-01 1.000000000000000000e+00 6.202230911828678084e-03
6.999999999999999556e-01 1.050000000000000044e+00 4.412941503518681696e-03
6.999999999999999556e-01 1.100000000000000089e+00 1.045345098990760856e-02
6.999999999999999556e-01 1.149999999999999911e+00 5.404641399174499317e-02
6.999999999999999556e-01 1.199999999999999956e+00 6.858913696059106002e-02
6.999999999999999556e-01 1.250000000000000000e+00 1.294200876335891703e-01
6.999999999999999556e-01 1.300000000000000044e+00 1.033446883071625216e-01
6.999999999999999556e-01 1.350000000000000089e+00 8.727469683140706702e-02
6.999999999999999556e-01 1.399999999999999911e+00 9.323812672819341285e-02
6.999999999999999556e-01 1.449999999999999956e+00 1.127785695394936671e-01
6.999999999999999556e-01 1.500000000000000000e+00 2.952607745799583072e-01
6.999999999999999556e-01 1.550000000000000044e+00 1.895020926032740527e-01
6.999999999999999556e-01 1.600000000000000089e+00 2.264837920030234875e-01
6.999999999999999556e-01 1.649999999999999911e+00 4.509464573778754204e-01
6.999999999999999556e-01 1.699999999999999956e+00 5.436225353803217919e-01
6.999999999999999556e-01 1.750000000000000000e+00 5.589543469351735405e-01
6.999999999999999556e-01 1.800000000000000044e+00 5.102687766354607746e-01
6.999999999999999556e-01 1.850000000000000089e+00 1.000000000000000000e+00
6.999999999999999556e-01 1.899999999999999911e+00 9.162579526352875314e-01
6.999999999999999556e-01 1.949999999999999956e+00 9.902210414984496945e-01
6.999999999999999556e-01 2.000000000000000000e+00 5.840688398356023159e-01
6.999999999999999556e-01 2.049999999999999822e+00 4.251234326129411656e-01
6.999999999999999556e-01 2.100000000000000089e+00 1.737560308640188900e-01
6.999999999999999556e-01 2.149999999999999911e+00 2.570442834340838090e-01
6.999999999999999556e-01 2.200000000000000178e+00 2.073561622060449139e-01
6.999999999999999556e-01 2.250000000000000000e+00 1.410048124902272548e-01
6.999999999999999556e-01 2.299999999999999822e+00 1.838836580799844689e-01
6.999999999999999556e-01 2.350000000000000089e+00 1.769802883140285110e-01
6.999999999999999556e-01 2.399999999999999911e+00 9.205096371810690681e-02
6.999999999999999556e-01 2.450000000000000178e+00 1.258306263069515485e-01
6.999999999999999556e-01 2.500000000000000000e+00 1.278320933488790168e-01
6.999999999999999556e-01 2.549999999999999822e+00 1.014578805849173926e-01
6.999999999999999556e-01 2.600000000000000089e+00 9.806198718522300684e-02
6.999999999999999556e-01 2.649999999999999911e+00 6.857106714075460185e-02
6.999999999999999556e-01 2.700000000000000178e+00 6.217188351238225191e-02
6.999999999999999556e-01 2.750000000000000000e+00 6.003504050105298168e-02
6.999999999999999556e-01 2.799999999999999822e+00 6.950914525804015309e-02
6.999999999999999556e-01 2.850000000000000089e+00 4.070634849563491142e-02
6.999999999999999556e-01 2.899999999999999911e+00 3.698142139259214672e-02
6.999999999999999556e-01 2.950000000000000178e+00 3.656846350399271806e-02
6.999999999999999556e-01 3.000000000000000000e+00 5.878810672045928915e-02
6.999999999999999556e-01 3.049999999999999822e+00 9.876525867105823142e-02
6.999999999999999556e-01 3.100000000000000089e+00 7.979960714647738040e-02
6.999999999999999556e-01 3.149999999999999911e+00 9.354898355789081910e-02
6.999999999999999556e-01 3.200000000000000178e+00 2.180455601830942336e-01
6.999999999999999556e-01 3.250000000000000000e+00 2.791910158347604143e-01
6.999999999999999556e-01 3.299999999999999822e+00 4.075915551048025498e-01
6.999999999999999556e-01 3.350000000000000089e+00 4.561334764420533205e-01
6.999999999999999556e-01 3.399999999999999911e+00 2.364783778204682108e-01
6.999999999999999556e-01 3.450000000000000178e+00 6.501174553369329367e-02
6.999999999999999556e-01 3.500000000000000000e+00 3.874011686581808056e-01
6.999999999999999556e-01 3.549999999999999822e+00 5.333246099280322117e-01
6.999999999999999556e-01 3.600000000000000089e+00 8.834467469683314478e-02
6.999999999999999556e-01 3.649999999999999911e+00 3.809349368307704542e-02
6.999999999999999556e-01 3.700000000000000178e+00 2.721405593371535592e-02
6.999999999999999556e-01 3.750000000000000000e+00 3.574475956624240808e-02
6.999999999999999556e-01 3.799999999999999822e+00 5.677651795420402686e-02
6.999999999999999556e-01 3.850000000000000089e+00 2.977287014067156803e-02
6.999999999999999556e-01 3.899999999999999911e+00 2.679642527479263528e-02
6.999999999999999556e-01 3.950000000000000178e+00 5.139400103611216526e-03
6.999999999999999556e-01 4.000000000000000000e+00 0.000000000000000000e+00
8.000000000000000444e-01 5.000000000000000278e-02 5.622248120076813599e-02
8.000000000000000444e-01 1.000000000000000056e-01 4.254064407628047745e-03
8.000000000000000444e-01 1.499999999999999944e-01 4.136364899108677280e-03
8.000000000000000444e-01 2.000000000000000111e-01 5.203086121632965848e-03
8.000000000000000444e-01 2.500000000000000000e-01 5.541223079737452387e-03
8.000000000000000444e-01 2.999999999999999889e-01 6.293456735661264768e-03
8.000000000000000444e-01 3.499999999999999778e-01 5.127608030577722291e-03
8.000000000000000444e-01 4.000000000000000222e-01 8.920263282454661546e-03
8.000000000000000444e-01 4.500000000000000111e-01 4.846284105387201752e-03
8.000000000000000444e-01 5.000000000000000000e-01 3.460631501958384183e-03
8.000000000000000444e-01 5.500000000000000444e-01 5.388459674750784717e-03
8.000000000000000444e-01 5.999999999999999778e-01 8.079261921469332169e-03
8.000000000000000444e-01 6.500000000000000222e-01 1.254500030006172433e-02
8.000000000000000444e-01 6.999999999999999556e-01 6.096496474481039388e-03
8.000000000000000444e-01 7.500000000000000000e-01 8.149325881952553322e-03
8.000000000000000444e-01 8.000000000000000444e-01 9.571369846680184007e-03
8.000000000000000444e-01 8.499999999999999778e-01 4.031822839725061197e-03
8.000000000000000444e-01 9.000000000000000222e-01 4.537553192076888842e-03
8.000000000000000444e-01 9.499999999999999556e-01 4.984729290799749107e-03
8.000000000000000444e-01 1.000000000000000000e+00 5.883764120457878576e-03
8.000000000000000444e-01 1.050000000000000044e+00 4.397143764215860791e-03
8.000000000000000444e-01 1.100000000000000089e+00 4.552348182678341536e-03
8.000000000000000444e-01 1.149999999999999911e+00 5.773948066212872092e-03
8.000000000000000444e-01 1.199999999999999956e+00 4.291805401204048381e-03
8.000000000000000444e-01 1.250000000000000000e+00 5.630955165928461063e-03
8.000000000000000444e-01 1.300000000000000044e+00 5.138671749617766335e-03
8.000000000000000444e-01 1.350000000000000089e+00 1.387609241615036897e-02
8.000000000000000444e-01 1.399999999999999911e+00 8.672135730218182015e-02
8.000000000000000444e-01 1.449999999999999956e+00 8.199459041793881464e-02
8.000000000000000444e-01 1.500000000000000000e+00 1.200824538080886572e-01
8.000000000000000444e-01 1.550000000000000044e+00 5.695469914044542364e-02
8.000000000000000444e-01 1.600000000000000089e+00 5.452693708751463891e-02
8.000000000000000444e-01 1.649999999999999911e+00 4.339126119006869037e-02
8.000000000000000444e-01 1.699999999999999956e+00 5.170820889251664942e-02
8.000000000000000444e-01 1.750000000000000000e+00 6.484045265445979866e-02
8.000000000000000444e-01 1.800000000000000044e+00 2.330062920956328110e-01
8.000000000000000444e-01 1.850000000000000089e+00 1.081200304881016344e-01
8.000000000000000444e-01 1.899999999999999911e+00 1.375990814148758679e-01
8.000000000000000444e-01 1.949999999999999956e+00 3.239592388203390017e-01
8.000000000000000444e-01 2.000000000000000000e+00 2.775443582532839404e-01
8.000000000000000444e-01 2.049999999999999822e+00 7.304602240507650501e-01
8.000000000000000444e-01 2.100000000000000089e+00 7.092224812927521160e-01
8.000000000000000444e-01 2.149999999999999911e+00 8.397142260257087765e-01
8.000000000000000444e-01 2.200000000000000178e+00 4.319831768565368102e-01
8.000000000000000444e-01 2.250000000000000000e+00 2.404769443782840410e-01
8.000000000000000444e-01 2.299999999999999822e+00 1.448607328192447197e-01
8.000000000000000444e-01 2.350000000000000089e+00 1.374495659572131101e-01
8.000000000000000444e-01 2.399999999999999911e+00 1.739366036938046756e-01
8.000000000000000444e-01 2.450000000000000178e+00 1.190458478041587081e-01
8.000000000000000444e-01 2.500000000000000000e+00 1.284477871185408515e-01
8.000000000000000444e-01 2.549999999999999822e+00 9.714619141753370879e-02
8.000000000000000444e-01 2.600000000000000089e+00 1.444541582303223992e-01
8.000000000000000444e-01 2.649999999999999911e+00 1.295097524289479662e-01
8.000000000000000444e-01 2.700000000000000178e+00 1.084533430375390350e-01
8.000000000000000444e-01 2.750000000000000000e+00 9.532016408941880459e-02
8.000000000000000444e-01 2.799999999999999822e+00 6.165157525672139427e-02
8.000000000000000444e-01 2.850000000000000089e+00 6.216444671662003235e-02
8.000000000000000444e-01 2.899999999999999911e+00 3.294647877500299360e-02
8.000000000000000444e-01 2.950000000000000178e+00 4.384959321203110022e-02
8.000000000000000444e-01 3.000000000000000000e+00 3.636728937452418653e-02
8.000000000000000444e-01 3.049999999999999822e+00 3.792689648189705165e-02
8.000000000000000444e-01 3.100000000000000089e+00 5.604888952294879295e-02
8.000000000000000444e-01 3.149999999999999911e+00 5.395296986578083237e-02
8.000000000000000444e-01 3.200000000000000178e+00 1.139335303142859634e-01
8.000000000000000444e-01 3.250000000000000000e+00 8.786043895698182338e-01
8.000000000000000444e-01 3.299999999999999822e+00 1.000000000000000000e+00
8.000000000000000444e-01 3.350000000000000089e+00 2.152234664071648873e-01
8.000000000000000444e-01 3.399999999999999911e+00 1.603047567926097206e-01
8.000000000000000444e-01 3.450000000000000178e+00 3.312110488621481524e-02
8.000000000000000444e-01 3.500000000000000000e+00 9.229742283018142757e-02
8.000000000000000444e-01 3.549999999999999822e+00 5.965172967817986005e-02
8.000000000000000444e-01 3.600000000000000089e+00 3.024796650709988405e-02
8.000000000000000444e-01 3.649999999999999911e+00 4.546269147552867151e-02
8.000000000000000444e-01 3.700000000000000178e+00 6.340181027533454972e-02
8.000000000000000444e-01 3.750000000000000000e+00 4.152343624603906970e-03
8.000000000000000444e-01 3.799999999999999822e+00 4.322168711137146062e-03
8.000000000000000444e-01 3.850000000000000089e+00 1.346404481261206064e-02
8.000000000000000444e-01 3.899999999999999911e+00 3.698634560748475554e-03
8.000000000000000444e-01 3.950000000000000178e+00 6.280237238713872600e-03
8.000000000000000444e-01 4.000000000000000000e+00 0.000000000000000000e+00
2.999999999999999889e-01 5.000000000000000278e-02 6.368210157386419018e-03
2.999999999999999889e-01 1.000000000000000056e-01 6.677326875169301533e-03
2.999999999999999889e-01 1.499999999999999944e-01 4.000641874873477576e-03
2.999999999999999889e-01 2.000000000000000111e-01 3.429534640744659295e-03
2.999999999999999889e-01 2.500000000000000000e-01 7.616327774242621397e-03
2.999999999999999889e-01 2.999999999999999889e-01 1.659526838598504236e-02
2.999999999999999889e-01 3.499999999999999778e-01 8.954686994514847453e-02
2.999999999999999889e-01 4.000000000000000222e-01 1.155362843441455623e-01
2.999999999999999889e-01 4.500000000000000111e-01 7.592537409919432045e-01
2.999999999999999889e-01 5.000000000000000000e-01 1.000000000000000000e+00
2.999999999999999889e-01 5.500000000000000444e-01 4.906172937510969723e-01
2.999999999999999889e-01 5.999999999999999778e-01 4.013086685611627624e-01
2.999999999999999889e-01 6.500000000000000222e-01 3.710495035502679451e-01
2.999999999999999889e-01 6.999999999999999556e-01 3.718574963417496382e-01
2.999999999999999889e-01 7.500000000000000000e-01 4.017249001497003036e-01
2.999999999999999889e-01 8.000000000000000444e-01 2.397026382625104257e-01
2.999999999999999889e-01 8.499999999999999778e-01 5.484666678779074322e-01
2.999999999999999889e-01 9.000000000000000222e-01 6.102327932981266301e-01
2.999999999999999889e-01 9.499999999999999556e-01 7.729414492075661336e-01
2.999999999999999889e-01 1.000000000000000000e+00 5.566901886058754911e-01
2.999999999999999889e-01 1.050000000000000044e+00 2.542463393374987390e-01
2.999999999999999889e-01 1.100000000000000089e+00 1.589320620384441773e-01
2.999999999999999889e-01 1.149999999999999911e+00 9.396901656465929398e-02
2.999999999999999889e-01 1.199999999999999956e+00 6.707616729701883218e-02
2.999999999999999889e-01 1.250000000000000000e+00 4.224508751606453200e-02
2.999999999999999889e-01 1.300000000000000044e+00 4.770585863336273408e-02
2.999999999999999889e-01 1.350000000000000089e+00 4.704945513203003665e-02
2.999999999999999889e-01 1.399999999999999911e+00 4.194468696104733385e-02
2.999999999999999889e-01 1.449999999999999956e+00 4.568374959540284080e-02
2.999999999999999889e-01 1.500000000000000000e+00 1.499926662625723495e-01
2.999999999999999889e-01 1.550000000000000044e+00 1.321701257587504785e-01
2.999999999999999889e-01 1.600000000000000089e+00 2.152749455069227075e-02
2.999999999999999889e-01 1.649999999999999911e+00 1.352061215113141250e-02
2.999999999999999889e-01 1.699999999999999956e+00 3.791840259089090948e-02
2.999999999999999889e-01 1.750000000000000000e+00 2.268784204568246796e-02
2.999999999999999889e-01 1.800000000000000044e+00 1.038585468454759214e-02
2.999999999999999889e-01 1.850000000000000089e+00 1.340300491405339578e-01
2.999999999999999889e-01 1.899999999999999911e+00 8.202921112207270382e-02
2.999999999999999889e-01 1.949999999999999956e+00 2.580889523390029333e-02
2.999999999999999889e-01 2.000000000000000000e+00 3.443426317254354163e-02
2.999999999999999889e-01 2.049999999999999822e+00 2.736659712295998886e-02
2.999999999999999889e-01 2.100000000000000089e+00 1.337957287722856339e-02
2.999999999999999889e-01 2.149999999999999911e+00 2.251802611205369273e-02
2.999999999999999889e-01 2.200000000000000178e+00 2.304166662620753953e-02
2.999999999999999889e-01 2.250000000000000000e+00 2.552773838739573822e-02
2.999999999999999889e-01 2.299999999999999822e+00 2.822990708354175537e-02
2.999999999999999889e-01 2.350000000000000089e+00 2.416624907916025203e-02
2.999999999999999889e-01 2.399999999999999911e+00 1.701125960295704620e-02
2.999999999999999889e-01 2.450000000000000178e+00 2.811864922249084423e-02
2.999999999999999889e-01 2.500000000000000000e+00 2.458362797340629333e-02
2.999999999999999889e-01 2.549999999999999822e+00 3.365489204957471114e-02
2.999999999999999889e-01 2.600000000000000089e+00 3.205457270902307976e-02
2.999999999999999889e-01 2.649999999999999911e+00 1.909073360927811616e-02
2.999999999999999889e-01 2.700000000000000178e+00 1.712232467710086622e-02
2.999999999999999889e-01 2.750000000000000000e+00 1.537399788274903568e-02
2.999999999999999889e-01 2.799999999999999822e+00 1.707830458570882073e-02
2.999999999999999889e-01 2.850000000000000089e+00 4.868043694114201903e-02
2.999999999999999889e-01 2.899999999999999911e+00 4.103887317610847851e-02
2.999999999999999889e-01 2.950000000000000178e+00 3.255495731922496139e-02
2.999999999999999889e-01 3.000000000000000000e+00 2.550776211154514445e-02
2.999999999999999889e-01 3.049999999999999822e+00 3.562024282466240421e-02
2.999999999999999889e-01 3.100000000000000089e+00 2.556993086950124991e-02
2.999999999999999889e-01 3.149999999999999911e+00 4.947592985884129158e-02
2.999999999999999889e-01 3.200000000000000178e+00 4.579785889143968974e-02
2.999999999999999889e-01 3.250000000000000000e+00 2.903898269908216853e-02
2.999999999999999889e-01 3.299999999999999822e+00 2.428123192362913879e-02
2.999999999999999889e-01 3.350000000000000089e+00 1.522269978294167256e-02
2.999999999999999889e-01 3.399999999999999911e+00 1.094895908738416530e-02
2.999999999999999889e-01 3.450000000000000178e+00 8.167032345563877277e-03
2.999999999999999889e-01 3.500000000000000000e+00 1.010354580098814410e-02
2.999999999999999889e-01 3.549999999999999822e+00 1.406346805952714274e-02
2.999999999999999889e-01 3.600000000000000089e+00 1.566212081518944879e-02
2.999999999999999889e-01 3.649999999999999911e+00 6.077721164182938590e-02
2.999999999999999889e-01 3.700000000000000178e+00 4.921937211250003441e-02
2.999999999999999889e-01 3.750000000000000000e+00 8.863758420781593650e-02
2.999999999999999889e-01 3.799999999999999822e+00 3.041853552941211486e-02
2.999999999999999889e-01 3.850000000000000089e+00 2.797016860478372322e-02
2.999999999999999889e-01 3.899999999999999911e+00 4.841432273910436374e-02
2.999999999999999889e-01 3.950000000000000178e+00 2.975297011706688408e-02
2.999999999999999889e-01 4.000000000000000000e+00 0.000000000000000000e+00
0.000000000000000000e+00 5.000000000000000278e-02 1.000000000000000000e+00
0.000000000000000000e+00 1.000000000000000056e-01 7.893500909654856956e-01
0.000000000000000000e+00 1.499999999999999944e-01 9.602115939410731382e-01
0.000000000000000000e+00 2.000000000000000111e-01 9.705263710721308001e-01
0.000000000000000000e+00 2.500000000000000000e-01 1.987395553334035947e-01
0.000000000000000000e+00 2.999999999999999889e-01 1.011350947764657476e-01
0.000000000000000000e+00 3.499999999999999778e-01 1.464622359719841560e-01
0.000000000000000000e+00 4.000000000000000222e-01 1.221873792676663600e-01
0.000000000000000000e+00 4.500000000000000111e-01 7.883350852083961802e-02
0.000000000000000000e+00 5.000000000000000000e-01 7.336441315350905601e-02
0.000000000000000000e+00 5.500000000000000444e-01 6.385135241124043071e-02
0.000000000000000000e+00 5.999999999999999778e-01 7.716662162454678009e-02
0.000000000000000000e+00 6.500000000000000222e-01 6.682236395774493465e-02
0.000000000000000000e+00 6.999999999999999556e-01 4.048452572104385694e-02
0.000000000000000000e+00 7.500000000000000000e-01 7.847816316182548713e-01
0.000000000000000000e+00 8.000000000000000444e-01 9.221359391267210937e-01
0.000000000000000000e+00 8.499999999999999778e-01 3.319528333844797008e-02
0.000000000000000000e+00 9.000000000000000222e-01 9.835235405793278651e-02
0.000000000000000000e+00 9.499999999999999556e-01 6.718508859227927121e-02
0.000000000000000000e+00 1.000000000000000000e+00 2.537888317902637150e-02
0.000000000000000000e+00 1.050000000000000044e+00 1.511492106142997213e-02
0.000000000000000000e+00 1.100000000000000089e+00 1.294123519499935752e-02
0.000000000000000000e+00 1.149999999999999911e+00 7.188470197117896587e-02
0.000000000000000000e+00 1.199999999999999956e+00 1.101823246772685311e-01
0.000000000000000000e+00 1.250000000000000000e+00 4.993025582282486358e-02
0.000000000000000000e+00 1.300000000000000044e+00 3.596497692009399672e-02
0.000000000000000000e+00 1.350000000000000089e+00 2.815611722749647092e-02
0.000000000000000000e+00 1.399999999999999911e+00 4.390244274144560616e-02
0.000000000000000000e+00 1.449999999999999956e+00 5.399992779258743630e-02
0.000000000000000000e+00 1.500000000000000000e+00 2.880006394646131979e-02
0.000000000000000000e+00 1.550000000000000044e+00 2.359504187401894881e-01
0.000000000000000000e+00 1.600000000000000089e+00 2.475496551044955029e-01
0.000000000000000000e+00 1.649999999999999911e+00 3.474362344096509209e-02
0.000000000000000000e+00 1.699999999999999956e+00 7.881927953907036377e-02
0.000000000000000000e+00 1.750000000000000000e+00 5.848891812180279093e-02
0.000000000000000000e+00 1.800000000000000044e+00 1.564516556128784167e-02
0.000000000000000000e+00 1.850000000000000089e+00 2.179032629305404159e-02
0.000000000000000000e+00 1.899999999999999911e+00 5.039949534449651020e-02
0.000000000000000000e+00 1.949999999999999956e+00 5.087686896493542887e-02
0.000000000000000000e+00 2.000000000000000000e+00 2.224549439824784897e-02
0.000000000000000000e+00 2.049999999999999822e+00 3.663667358685034348e-01
0.000000000000000000e+00 2.100000000000000089e+00 4.987178315775404602e-01
0.000000000000000000e+00 2.149999999999999911e+00 1.796051736404557023e-02
0.000000000000000000e+00 2.200000000000000178e+00 3.008097471679895690e-02
0.000000000000000000e+00 2.250000000000000000e+00 3.250879964489877816e-02
0.000000000000000000e+00 2.299999999999999822e+00 2.834768847910627138e-02
0.000000000000000000e+00 2.350000000000000089e+00 2.974345089468784231e-02
0.000000000000000000e+00 2.399999999999999911e+00 3.032774743714388918e-02
0.000000000000000000e+00 2.450000000000000178e+00 2.951749501685597271e-02
0.000000000000000000e+00 2.500000000000000000e+00 3.829942480183060743e-02
0.000000000000000000e+00 2.549999999999999822e+00 1.151753952421977339e-01
0.000000000000000000e+00 2.600000000000000089e+00 1.942539971787619335e-01
0.000000000000000000e+00 2.649999999999999911e+00 3.088041108005093460e-02
0.000000000000000000e+00 2.700000000000000178e+00 2.217662270357047619e-02
0.000000000000000000e+00 2.750000000000000000e+00 1.610747307297779873e-01
0.000000000000000000e+00 2.799999999999999822e+00 1.848337552070699469e-02
0.000000000000000000e+00 2.850000000000000089e+00 4.500532994418014049e-02
0.000000000000000000e+00 2.899999999999999911e+00 4.047482597457352504e-02
0.000000000000000000e+00 2.950000000000000178e+00 3.784386526425255470e-02
0.000000000000000000e+00 3.000000000000000000e+00 1.049840238221609184e-01
0.000000000000000000e+00 3.049999999999999822e+00 5.169326263982605696e-02
0.000000000000000000e+00 3.100000000000000089e+00 6.328829108092648426e-02
0.000000000000000000e+00 3.149999999999999911e+00 3.094738084222150784e-02
0.000000000000000000e+00 3.200000000000000178e+00 3.096725659047136828e-02
0.000000000000000000e+00 3.250000000000000000e+00 3.179615647317711458e-02
0.000000000000000000e+00 3.299999999999999822e+00 1.614997141731062263e-02
0.000000000000000000e+00 3.350000000000000089e+00 2.491081834408369333e-02
0.000000000000000000e+00 3.399999999999999911e+00 1.775963213940126920e-02
0.000000000000000000e+00 3.450000000000000178e+00 2.822535039988938871e-02
0.000000000000000000e+00 3.500000000000000000e+00 2.150413673851827093e-02
0.000000000000000000e+00 3.549999999999999822e+00 1.888802434270041644e-02
0.000000000000000000e+00 3.600000000000000089e+00 2.230481490491371954e-02
0.000000000000000000e+00 3.649999999999999911e+00 6.670502372207610248e-03
0.000000000000000000e+00 3.700000000000000178e+00 8.684046199514466532e-03
0.000000000000000000e+00 3.750000000000000000e+00 7.908528982532966184e-03
0.000000000000000000e+00 3.799999999999999822e+00 3.004422655794808730e-02
0.000000000000000000e+00 3.850000000000000089e+00 1.043616835759261785e-02
0.000000000000000000e+00 3.899999999999999911e+00 5.179587996945180656e-02
0.000000000000000000e+00 3.950000000000000178e+00 3.034643038168944457e-02
0.000000000000000000e+00 4.000000000000000000e+00 0.000000000000000000e+00
2.000000000000000111e-01 5.000000000000000278e-02 7.840233151190565547e-03
2.000000000000000111e-01 1.000000000000000056e-01 1.124238088830420770e-02
2.000000000000000111e-01 1.499999999999999944e-01 1.159550378742366938e-01
2.000000000000000111e-01 2.000000000000000111e-01 3.415196450906603509e-01
2.000000000000000111e-01 2.500000000000000000e-01 4.836516667892413190e-01
2.000000000000000111e-01 2.999999999999999889e-01 3.764093173545144944e-01
2.000000000000000111e-01 3.499999999999999778e-01 6.843582903651110882e-01
2.000000000000000111e-01 4.000000000000000222e-01 5.118276061252601261e-01
2.000000000000000111e-01 4.500000000000000111e-01 5.753082851399664577e-01
2.000000000000000111e-01 5.000000000000000000e-01 4.704431696446798039e-01
2.000000000000000111e-01 5.500000000000000444e-01 6.210774495627363612e-01
2.000000000000000111e-01 5.999999999999999778e-01 8.634134422381357643e-01
2.000000000000000111e-01 6.500000000000000222e-01 1.000000000000000000e+00
2.000000000000000111e-01 6.999999999999999556e-01 8.189923141869078771e-01
2.000000000000000111e-01 7.500000000000000000e-01 4.242208010460530865e-01
2.000000000000000111e-01 8.000000000000000444e-01 2.639293512918174378e-01
2.000000000000000111e-01 8.499999999999999778e-01 1.195102062787745389e-01
2.000000000000000111e-01 9.000000000000000222e-01 4.719202307254048712e-02
2.000000000000000111e-01 9.499999999999999556e-01 6.857574772549959730e-02
2.000000000000000111e-01 1.000000000000000000e+00 6.424523021864776695e-02
2.000000000000000111e-01 1.050000000000000044e+00 6.771374880948048680e-02
2.000000000000000111e-01 1.100000000000000089e+00 5.862746186471220339e-02
2.000000000000000111e-01 1.149999999999999911e+00 5.315925144620860937e-02
2.000000000000000111e-01 1.199999999999999956e+00 6.872641001487524159e-02
2.000000000000000111e-01 1.250000000000000000e+00 1.188016094219664226e-01
2.000000000000000111e-01 1.300000000000000044e+00 5.888016638626279720e-02
2.000000000000000111e-01 1.350000000000000089e+00 3.430990152320163855e-02
2.000000000000000111e-01 1.399999999999999911e+00 1.481776473052067930e-02
2.000000000000000111e-01 1.449999999999999956e+00 2.953951377051038454e-02
2.000000000000000111e-01 1.500000000000000000e+00 5.019008676871952040e-02
2.000000000000000111e-01 1.550000000000000044e+00 8.481392331430273601e-02
2.000000000000000111e-01 1.600000000000000089e+00 9.969393188144094753e-02
2.000000000000000111e-01 1.649999999999999911e+00 1.470447877519101831e-01
2.000000000000000111e-01 1.699999999999999956e+00 1.350696693429906392e-01
2.000000000000000111e-01 1.750000000000000000e+00 1.618596039049048363e-01
2.000000000000000111e-01 1.800000000000000044e+00 1.450895474910071647e-01
2.000000000000000111e-01 1.850000000000000089e+00 1.825326652357993004e-02
2.000000000000000111e-01 1.899999999999999911e+00 2.987479226527378975e-02
2.000000000000000111e-01 1.949999999999999956e+00 7.917067030167262986e-01
2.000000000000000111e-01 2.000000000000000000e+00 9.287030296589555700e-01
2.000000000000000111e-01 2.049999999999999822e+00 3.268014946011760236e-02
2.000000000000000111e-01 2.100000000000000089e+00 1.411306976287918236e-02
2.000000000000000111e-01 2.149999999999999911e+00 2.966437627081546305e-02
2.000000000000000111e-01 2.200000000000000178e+00 5.239179344602517413e-02
2.000000000000000111e-01 2.250000000000000000e+00 5.519930288316260425e-02
2.000000000000000111e-01 2.299999999999999822e+00 1.559468004985560020e-02
2.000000000000000111e-01 2.350000000000000089e+00 2.392819550788949715e-02
2.000000000000000111e-01 2.399999999999999911e+00 2.022401941386735291e-02
2.000000000000000111e-01 2.450000000000000178e+00 2.643510365268398471e-02
2.000000000000000111e-01 2.500000000000000000e+00 1.941602299253370606e-02
2.000000000000000111e-01 2.549999999999999822e+00 3.039364942125432484e-02
2.000000000000000111e-01 2.600000000000000089e+00 3.062115009102605104e-02
2.000000000000000111e-01 2.649999999999999911e+00 4.358160681301283951e-02
2.000000000000000111e-01 2.700000000000000178e+00 3.666208599224744097e-02
2.000000000000000111e-01 2.750000000000000000e+00 2.899774842556726920e-02
2.000000000000000111e-01 2.799999999999999822e+00 2.465924759446011180e-02
2.000000000000000111e-01 2.850000000000000089e+00 3.801109052355888113e-02
2.000000000000000111e-01 2.899999999999999911e+00 6.258704115189094030e-02
2.000000000000000111e-01 2.950000000000000178e+00 6.635617621648286224e-02
2.000000000000000111e-01 3.000000000000000000e+00 5.678175205678681614e-02
2.000000000000000111e-01 3.049999999999999822e+00 4.421392981510120779e-02
2.000000000000000111e-01 3.100000000000000089e+00 3.931865563701233274e-02
2.000000000000000111e-01 3.149999999999999911e+00 3.761918710964950313e-02
2.000000000000000111e-01 3.200000000000000178e+00 3.385802837773874835e-02
2.000000000000000111e-01 3.250000000000000000e+00 3.092391442571041163e-02
2.000000000000000111e-01 3.299999999999999822e+00 3.669005785047654150e-02
2.000000000000000111e-01 3.350000000000000089e+00 2.407253251924977230e-02
2.000000000000000111e-01 3.399999999999999911e+00 1.570186406590107220e-02
2.000000000000000111e-01 3.450000000000000178e+00 2.456348415211634037e-02
2.000000000000000111e-01 3.500000000000000000e+00 1.221345705318365241e-02
2.000000000000000111e-01 3.549999999999999822e+00 2.224887372467574884e-02
2.000000000000000111e-01 3.600000000000000089e+00 8.237784875549649874e-03
2.000000000000000111e-01 3.649999999999999911e+00 1.370826196693757451e-02
2.000000000000000111e-01 3.700000000000000178e+00 2.226230906974947799e-02
2.000000000000000111e-01 3.750000000000000000e+00 4.213816087850611597e-02
2.000000000000000111e-01 3.799999999999999822e+00 2.927518792162810482e-02
2.000000000000000111e-01 3.850000000000000089e+00 4.764153524675891066e-02
2.000000000000000111e-01 3.899999999999999911e+00 3.271329038327090710e-02
2.000000000000000111e-01 3.950000000000000178e+00 1.855948497770259775e-01
2.000000000000000111e-01 4.000000000000000000e+00 0.000000000000000000e+00
