5.999999999999999778e-01 5.000000000000000278e-02 3.146789737322529625e-04
5.999999999999999778e-01 1.000000000000000056e-01 1.322467275137782588e-04
5.999999999999999778e-01 1.499999999999999944e-01 4.532864706686960308e-04
5.999999999999999778e-01 2.000000000000000111e-01 1.332324863356552881e-04
5.999999999999999778e-01 2.500000000000000000e-01 1.141516127554740179e-04
5.999999999999999778e-01 2.999999999999999889e-01 9.211278191958324171e-05
5.999999999999999778e-01 3.499999999999999778e-01 1.586890133597191721e-04
5.999999999999999778e-01 4.000000000000000222e-01 3.159396386629045156e-04
5.999999999999999778e-01 4.500000000000000111e-01 4.432093813010397516e-04
5.999999999999999778e-01 5.000000000000000000e-01 1.871916836307757311e-04
5.999999999999999778e-01 5.500000000000000444e-01 3.302409604921971529e-04
5.999999999999999778e-01 5.999999999999999778e-01 2.604351088116869787e-04
5.999999999999999778e-01 6.500000000000000222e-01 4.659501905101032129e-04
5.999999999999999778e-01 6.999999999999999556e-01 4.677282387845144510e-04
5.999999999999999778e-01 7.500000000000000000e-01 2.954413448214017576e-04
5.999999999999999778e-01 8.000000000000000444e-01 5.563233414362933615e-04
5.999999999999999778e-01 8.499999999999999778e-01 9.990876876496486599e-04
5.999999999999999778e-01 9.000000000000000222e-01 3.066132704298250421e-03
5.999999999999999778e-01 9.499999999999999556e-01 1.753946237676384801e-02
5.999999999999999778e-01 1.000000000000000000e+00 1.804116974660379541e-02
5.999999999999999778e-01 1.050000000000000044e+00 2.129859517300665417e-02
5.999999999999999778e-01 1.100000000000000089e+00 3.022609990993926563e-02
5.999999999999999778e-01 1.149999999999999911e+00 2.591382703473220014e-02
5.999999999999999778e-01 1.199999999999999956e+00 1.955265961852754517e-02
5.999999999999999778e-01 1.250000000000000000e+00 1.910002934925223231e-02
5.999999999999999778e-01 1.300000000000000044e+00 2.669430581924033333e-02
5.999999999999999778e-01 1.350000000000000089e+00 3.805260971707646184e-02
5.999999999999999778e-01 1.399999999999999911e+00 5.919902794946606261e-02
5.999999999999999778e-01 1.449999999999999956e+00 1.110375208738934028e-01
5.999999999999999778e-01 1.500000000000000000e+00 1.370449590766732451e-01
5.999999999999999778e-01 1.550000000000000044e+00 2.686886694545483900e-01
5.999999999999999778e-01 1.600000000000000089e+00 4.992715166923200609e-01
5.999999999999999778e-01 1.649999999999999911e+00 1.000000000000000000e+00
5.999999999999999778e-01 1.699999999999999956e+00 9.238063023983619226e-01
5.999999999999999778e-01 1.750000000000000000e+00 5.707805988416633225e-01
5.999999999999999778e-01 1.800000000000000044e+00 3.479375701369236684e-01
5.999999999999999778e-01 1.850000000000000089e+00 1.852039223129437751e-01
5.999999999999999778e-01 1.899999999999999911e+00 1.003912719847251667e-01
5.999999999999999778e-01 1.949999999999999956e+00 6.607356839925013214e-02
5.999999999999999778e-01 2.000000000000000000e+00 4.051681479228647076e-02
5.999999999999999778e-01 2.049999999999999822e+00 2.841908914492248181e-02
5.999999999999999778e-01 2.100000000000000089e+00 2.658226895815667123e-02
5.999999999999999778e-01 2.149999999999999911e+00 2.274342284484719492e-02
5.999999999999999778e-01 2.200000000000000178e+00 2.226701707990961024e-02
5.999999999999999778e-01 2.250000000000000000e+00 2.438736498133549022e-02
5.999999999999999778e-01 2.299999999999999822e+00 2.605850812775524494e-02
5.999999999999999778e-01 2.350000000000000089e+00 2.908686726817051940e-02
5.999999999999999778e-01 2.399999999999999911e+00 3.727040036231247383e-02
5.999999999999999778e-01 2.450000000000000178e+00 3.218596142322707743e-02
5.999999999999999778e-01 2.500000000000000000e+00 3.015136241246254081e-02
5.999999999999999778e-01 2.549999999999999822e+00 2.586146236679244537e-02
5.999999999999999778e-01 2.600000000000000089e+00 2.443012566073860317e-02
5.999999999999999778e-01 2.649999999999999911e+00 2.175279366459426794e-02
5.999999999999999778e-01 2.700000000000000178e+00 2.553694380335317857e-02
5.999999999999999778e-01 2.750000000000000000e+00 2.379346104330079884e-02
5.999999999999999778e-01 2.799999999999999822e+00 2.879576870371937727e-02
5.999999999999999778e-01 2.850000000000000089e+00 2.237306054478547038e-02
5.999999999999999778e-01 2.899999999999999911e+00 2.553450059575008632e-02
5.999999999999999778e-01 2.950000000000000178e+00 2.134010420486140078e-02
5.999999999999999778e-01 3.000000000000000000e+00 1.942834363600789982e-02
5.999999999999999778e-01 3.049999999999999822e+00 2.298753431032112687e-02
5.999999999999999778e-01 3.100000000000000089e+00 2.534860906635098485e-02
5.999999999999999778e-01 3.149999999999999911e+00 5.584937063247057826e-02
5.999999999999999778e-01 3.200000000000000178e+00 7.081964382896602239e-02
5.999999999999999778e-01 3.250000000000000000e+00 1.362007506986755434e-01
5.999999999999999778e-01 3.299999999999999822e+00 2.740927283426840000e-01
5.999999999999999778e-01 3.350000000000000089e+00 1.883237590362140390e-01
5.999999999999999778e-01 3.399999999999999911e+00 1.650616943625844157e-01
5.999999999999999778e-01 3.450000000000000178e+00 1.068294215088404359e-01
5.999999999999999778e-01 3.500000000000000000e+00 2.192546726850246319e-01
5.999999999999999778e-01 3.549999999999999822e+00 5.809084690259023326e-02
5.999999999999999778e-01 3.600000000000000089e+00 2.567300552573803518e-01
5.999999999999999778e-01 3.649999999999999911e+00 1.587398043464946229e-01
5.999999999999999778e-01 3.700000000000000178e+00 5.830195570135948691e-02
5.999999999999999778e-01 3.750000000000000000e+00 2.207309042659252180e-02
5.999999999999999778e-01 3.799999999999999822e+00 2.559967143906662773e-02
5.999999999999999778e-01 3.850000000000000089e+00 3.820771644132615191e-02
5.999999999999999778e-01 3.899999999999999911e+00 2.899683170227616499e-02
5.999999999999999778e-01 3.950000000000000178e+00 1.301066562637270552e-01
5.999999999999999778e-01 4.000000000000000000e+00 0.000000000000000000e+00
1.000000000000000000e+00 5.000000000000000278e-02 6.479034984338788604e-06
1.000000000000000000e+00 1.000000000000000056e-01 7.958957225269161341e-06
1.000000000000000000e+00 1.499999999999999944e-01 3.008917033104276066e-06
1.000000000000000000e+00 2.000000000000000111e-01 3.232342178079083506e-06
1.000000000000000000e+00 2.500000000000000000e-01 1.659579256440332291e-06
1.000000000000000000e+00 2.999999999999999889e-01 6.701273754264528374e-06
1.000000000000000000e+00 3.499999999999999778e-01 3.732488772763696531e-06
1.000000000000000000e+00 4.000000000000000222e-01 2.988276142228434518e-06
1.000000000000000000e+00 4.500000000000000111e-01 1.394955683206175413e-05
1.000000000000000000e+00 5.000000000000000000e-01 7.844690074662028067e-06
1.000000000000000000e+00 5.500000000000000444e-01 7.230035345422649975e-06
1.000000000000000000e+00 5.999999999999999778e-01 4.502822933656655915e-06
1.000000000000000000e+00 6.500000000000000222e-01 2.020709727209880755e-05
1.000000000000000000e+00 6.999999999999999556e-01 5.032578332979583930e-06
1.000000000000000000e+00 7.500000000000000000e-01 2.998397996792181944e-06
1.000000000000000000e+00 8.000000000000000444e-01 1.367868395559811573e-06
1.000000000000000000e+00 8.499999999999999778e-01 8.964492294290240599e-06
1.000000000000000000e+00 9.000000000000000222e-01 2.724405975374988989e-06
1.000000000000000000e+00 9.499999999999999556e-01 8.374641059733164836e-06
1.000000000000000000e+00 1.000000000000000000e+00 2.911126307377422416e-05
1.000000000000000000e+00 1.050000000000000044e+00 3.810168145091530300e-06
1.000000000000000000e+00 1.100000000000000089e+00 4.218407537838365946e-06
1.000000000000000000e+00 1.149999999999999911e+00 4.136283955637689632e-06
1.000000000000000000e+00 1.199999999999999956e+00 1.908982217814311674e-06
1.000000000000000000e+00 1.250000000000000000e+00 1.091539822187002516e-06
1.000000000000000000e+00 1.300000000000000044e+00 8.757875987022486889e-06
1.000000000000000000e+00 1.350000000000000089e+00 6.516849887532263890e-07
1.000000000000000000e+00 1.399999999999999911e+00 8.901961335990965542e-06
1.000000000000000000e+00 1.449999999999999956e+00 1.371911666318910906e-05
1.000000000000000000e+00 1.500000000000000000e+00 3.166637040168824842e-05
1.000000000000000000e+00 1.550000000000000044e+00 1.072492551583394367e-05
1.000000000000000000e+00 1.600000000000000089e+00 4.304048715694863056e-06
1.000000000000000000e+00 1.649999999999999911e+00 6.699879066986143799e-06
1.000000000000000000e+00 1.699999999999999956e+00 9.832772185607892160e-06
1.000000000000000000e+00 1.750000000000000000e+00 4.851011797006464017e-05
1.000000000000000000e+00 1.800000000000000044e+00 6.155314714449905758e-03
1.000000000000000000e+00 1.850000000000000089e+00 9.812900778854447351e-03
1.000000000000000000e+00 1.899999999999999911e+00 3.522638431682287167e-04
1.000000000000000000e+00 1.949999999999999956e+00 5.795942729236050559e-04
1.000000000000000000e+00 2.000000000000000000e+00 5.265559894263699935e-04
1.000000000000000000e+00 2.049999999999999822e+00 4.245800023723862271e-04
1.000000000000000000e+00 2.100000000000000089e+00 4.423171318730497663e-04
1.000000000000000000e+00 2.149999999999999911e+00 7.095784983951242044e-04
1.000000000000000000e+00 2.200000000000000178e+00 4.028609711100342400e-04
1.000000000000000000e+00 2.250000000000000000e+00 4.407965812281209434e-04
1.000000000000000000e+00 2.299999999999999822e+00 4.961406915105331375e-04
1.000000000000000000e+00 2.350000000000000089e+00 8.683105261777101938e-04
1.000000000000000000e+00 2.399999999999999911e+00 2.229938653941423900e-03
1.000000000000000000e+00 2.450000000000000178e+00 9.022914788918886542e-01
1.000000000000000000e+00 2.500000000000000000e+00 1.000000000000000000e+00
1.000000000000000000e+00 2.549999999999999822e+00 3.386854263726562305e-04
1.000000000000000000e+00 2.600000000000000089e+00 1.774688351378274256e-04
1.000000000000000000e+00 2.649999999999999911e+00 4.515756649598692439e-04
1.000000000000000000e+00 2.700000000000000178e+00 9.417233467028465494e-05
1.000000000000000000e+00 2.750000000000000000e+00 1.429018177565674781e-04
1.000000000000000000e+00 2.799999999999999822e+00 8.185621615274613018e-05
1.000000000000000000e+00 2.850000000000000089e+00 1.045827019886754231e-04
1.000000000000000000e+00 2.899999999999999911e+00 1.460491955104876657e-04
1.000000000000000000e+00 2.950000000000000178e+00 4.533049850674137835e-04
1.000000000000000000e+00 3.000000000000000000e+00 2.912256802622276695e-04
1.000000000000000000e+00 3.049999999999999822e+00 4.674324814191383929e-05
1.000000000000000000e+00 3.100000000000000089e+00 2.342550991120445392e-05
1.000000000000000000e+00 3.149999999999999911e+00 3.397500740074166006e-05
1.000000000000000000e+00 3.200000000000000178e+00 3.050904443199067148e-05
1.000000000000000000e+00 3.250000000000000000e+00 9.802834259552421943e-05
1.000000000000000000e+00 3.299999999999999822e+00 2.366618537858292701e-05
1.000000000000000000e+00 3.350000000000000089e+00 2.573163374449734202e-05
1.000000000000000000e+00 3.399999999999999911e+00 2.243679486198456478e-05
1.000000000000000000e+00 3.450000000000000178e+00 2.878146762857905242e-05
1.000000000000000000e+00 3.500000000000000000e+00 2.427428515739156394e-05
1.000000000000000000e+00 3.549999999999999822e+00 2.866301697093574460e-05
1.000000000000000000e+00 3.600000000000000089e+00 5.115393074973506577e-05
1.000000000000000000e+00 3.649999999999999911e+00 2.979205032922659094e-05
1.000000000000000000e+00 3.700000000000000178e+00 1.962091481087233021e-05
1.000000000000000000e+00 3.750000000000000000e+00 3.707745589820105113e-05
1.000000000000000000e+00 3.799999999999999822e+00 2.207100385196822959e-05
1.000000000000000000e+00 3.850000000000000089e+00 1.452215331648188987e-05
1.000000000000000000e+00 3.899999999999999911e+00 4.626613098795775178e-05
1.000000000000000000e+00 3.950000000000000178e+00 8.017147517976549206e-05
1.000000000000000000e+00 4.000000000000000000e+00 0.000000000000000000e+00
1.000000000000000056e-01 5.000000000000000278e-02 1.018062703121563883e-01
1.000000000000000056e-01 1.000000000000000056e-01 3.189503351293692668e-01
1.000000000000000056e-01 1.499999999999999944e-01 5.232247790147880329e-01
1.000000000000000056e-01 2.000000000000000111e-01 2.440893827701305085e-01
1.000000000000000056e-01 2.500000000000000000e-01 2.053215780409178570e-01
1.000000000000000056e-01 2.999999999999999889e-01 1.000000000000000000e+00
1.000000000000000056e-01 3.499999999999999778e-01 8.163274187092889322e-01
1.000000000000000056e-01 4.000000000000000222e-01 2.085441984742227861e-01
1.000000000000000056e-01 4.500000000000000111e-01 7.919428917436210913e-02
1.000000000000000056e-01 5.000000000000000000e-01 2.366887841011959537e-02
1.000000000000000056e-01 5.500000000000000444e-01 2.260107289634487315e-02
1.000000000000000056e-01 5.999999999999999778e-01 1.478154880700450341e-02
1.000000000000000056e-01 6.500000000000000222e-01 1.058929743473431724e-02
1.000000000000000056e-01 6.999999999999999556e-01 6.202125594282812369e-03
1.000000000000000056e-01 7.500000000000000000e-01 4.491641819640033138e-03
1.000000000000000056e-01 8.000000000000000444e-01 5.411277054175696842e-03
1.000000000000000056e-01 8.499999999999999778e-01 5.620774623914782074e-03
1.000000000000000056e-01 9.000000000000000222e-01 6.213191555126141956e-03
1.000000000000000056e-01 9.499999999999999556e-01 5.557751787590809074e-03
1.000000000000000056e-01 1.000000000000000000e+00 3.802072305988809034e-03
1.000000000000000056e-01 1.050000000000000044e+00 3.463169489552078446e-03
1.000000000000000056e-01 1.100000000000000089e+00 3.796797494216857735e-03
1.000000000000000056e-01 1.149999999999999911e+00 4.426186569769529656e-03
1.000000000000000056e-01 1.199999999999999956e+00 4.360779981842972768e-03
1.000000000000000056e-01 1.250000000000000000e+00 4.713419327027989700e-03
1.000000000000000056e-01 1.300000000000000044e+00 4.953956060726937179e-03
1.000000000000000056e-01 1.350000000000000089e+00 5.035240972096997371e-03
1.000000000000000056e-01 1.399999999999999911e+00 4.799259735768741236e-03
1.000000000000000056e-01 1.449999999999999956e+00 4.342791430277752156e-03
1.000000000000000056e-01 1.500000000000000000e+00 3.175598317103049077e-03
1.000000000000000056e-01 1.550000000000000044e+00 2.657759008428069430e-03
1.000000000000000056e-01 1.600000000000000089e+00 2.724786063110883581e-03
1.000000000000000056e-01 1.649999999999999911e+00 2.931095509441558698e-03
1.000000000000000056e-01 1.699999999999999956e+00 2.251786293670447747e-03
1.000000000000000056e-01 1.750000000000000000e+00 1.833182053237621600e-03
1.000000000000000056e-01 1.800000000000000044e+00 1.973731063646057011e-03
1.000000000000000056e-01 1.850000000000000089e+00 2.064497707740222971e-03
1.000000000000000056e-01 1.899999999999999911e+00 2.346986270353095070e-03
1.000000000000000056e-01 1.949999999999999956e+00 2.367030511448423545e-03
1.000000000000000056e-01 2.000000000000000000e+00 2.867595413641047322e-03
1.000000000000000056e-01 2.049999999999999822e+00 2.264674848027357044e-03
1.000000000000000056e-01 2.100000000000000089e+00 3.405118333581366469e-03
1.000000000000000056e-01 2.149999999999999911e+00 2.595942529668141333e-03
1.000000000000000056e-01 2.200000000000000178e+00 4.354476410497369956e-03
1.000000000000000056e-01 2.250000000000000000e+00 4.344695094733791105e-03
1.000000000000000056e-01 2.299999999999999822e+00 3.938589394586987369e-03
1.000000000000000056e-01 2.350000000000000089e+00 4.007303717400217610e-03
1.000000000000000056e-01 2.399999999999999911e+00 4.658188766699086769e-03
1.000000000000000056e-01 2.450000000000000178e+00 5.021776925266490527e-03
1.000000000000000056e-01 2.500000000000000000e+00 4.953319966564791177e-03
1.000000000000000056e-01 2.549999999999999822e+00 4.156408329652136642e-03
1.000000000000000056e-01 2.600000000000000089e+00 3.600617282870123993e-03
1.000000000000000056e-01 2.649999999999999911e+00 4.368849661315669930e-03
1.000000000000000056e-01 2.700000000000000178e+00 4.045146769439976475e-03
1.000000000000000056e-01 2.750000000000000000e+00 4.125679626663453052e-03
1.000000000000000056e-01 2.799999999999999822e+00 3.710117563626189746e-03
1.000000000000000056e-01 2.850000000000000089e+00 3.693343145380617674e-03
1.000000000000000056e-01 2.899999999999999911e+00 3.778276169542476963e-03
1.000000000000000056e-01 2.950000000000000178e+00 4.131036588012703889e-03
1.000000000000000056e-01 3.000000000000000000e+00 3.492955102193847847e-03
1.000000000000000056e-01 3.049999999999999822e+00 3.378444600029129226e-03
1.000000000000000056e-01 3.100000000000000089e+00 2.938448341285930694e-03
1.000000000000000056e-01 3.149999999999999911e+00 2.473931626439807106e-03
1.000000000000000056e-01 3.200000000000000178e+00 2.247865514114424576e-03
1.000000000000000056e-01 3.250000000000000000e+00 5.552535913982405320e-03
1.000000000000000056e-01 3.299999999999999822e+00 4.226102283937445414e-03
1.000000000000000056e-01 3.350000000000000089e+00 3.026285583133012883e-03
1.000000000000000056e-01 3.399999999999999911e+00 1.403130576193809074e-03
1.000000000000000056e-01 3.450000000000000178e+00 1.163716896929700879e-02
1.000000000000000056e-01 3.500000000000000000e+00 1.808089564351245404e-01
1.000000000000000056e-01 3.549999999999999822e+00 2.950888802505650665e-01
1.000000000000000056e-01 3.600000000000000089e+00 5.285050222352702561e-03
1.000000000000000056e-01 3.649999999999999911e+00 3.207395215423919366e-02
1.000000000000000056e-01 3.700000000000000178e+00 1.876976855805272473e-02
1.000000000000000056e-01 3.750000000000000000e+00 3.869616395780989780e-03
1.000000000000000056e-01 3.799999999999999822e+00 2.369947869543969667e-03
1.000000000000000056e-01 3.850000000000000089e+00 2.336538524205948163e-03
1.000000000000000056e-01 3.899999999999999911e+00 1.054996576461969260e-01
1.000000000000000056e-01 3.950000000000000178e+00 5.922870465270468898e-02
1.000000000000000056e-01 4.000000000000000000e+00 0.000000000000000000e+00
5.000000000000000000e-01 5.000000000000000278e-02 3.820360669379734334e-04
5.000000000000000000e-01 1.000000000000000056e-01 2.699961009283197329e-04
5.000000000000000000e-01 1.499999999999999944e-01 2.206771947882691070e-04
5.000000000000000000e-01 2.000000000000000111e-01 5.160674238372617729e-04
5.000000000000000000e-01 2.500000000000000000e-01 1.983591368284530303e-04
5.000000000000000000e-01 2.999999999999999889e-01 3.278344608918057779e-04
5.000000000000000000e-01 3.499999999999999778e-01 2.621090783431924550e-04
5.000000000000000000e-01 4.000000000000000222e-01 3.685281082750468799e-04
5.000000000000000000e-01 4.500000000000000111e-01 4.937023388293979671e-04
5.000000000000000000e-01 5.000000000000000000e-01 5.164758884730584346e-04
5.000000000000000000e-01 5.500000000000000444e-01 8.438454633814979631e-04
5.000000000000000000e-01 5.999999999999999778e-01 9.674045610319674613e-04
5.000000000000000000e-01 6.500000000000000222e-01 1.205454009287476938e-03
5.000000000000000000e-01 6.999999999999999556e-01 4.894718825362657719e-03
5.000000000000000000e-01 7.500000000000000000e-01 1.333165372482904634e-02
5.000000000000000000e-01 8.000000000000000444e-01 2.670076872755895031e-02
5.000000000000000000e-01 8.499999999999999778e-01 2.648428978940263814e-02
5.000000000000000000e-01 9.000000000000000222e-01 6.203861165673679040e-02
5.000000000000000000e-01 9.499999999999999556e-01 2.458047660429954137e-02
5.000000000000000000e-01 1.000000000000000000e+00 4.345766754643016344e-02
5.000000000000000000e-01 1.050000000000000044e+00 2.496759603660305554e-02
5.000000000000000000e-01 1.100000000000000089e+00 3.678062734492639624e-02
5.000000000000000000e-01 1.149999999999999911e+00 5.989492337426370605e-02
5.000000000000000000e-01 1.199999999999999956e+00 9.748284646431114309e-02
5.000000000000000000e-01 1.250000000000000000e+00 1.392499450027525620e-01
5.000000000000000000e-01 1.300000000000000044e+00 2.208042565259509815e-01
5.000000000000000000e-01 1.350000000000000089e+00 3.109946921402302888e-01
5.000000000000000000e-01 1.399999999999999911e+00 4.358571305547714325e-01
5.000000000000000000e-01 1.449999999999999956e+00 1.000000000000000000e+00
5.000000000000000000e-01 1.500000000000000000e+00 7.254148663811418318e-01
5.000000000000000000e-01 1.550000000000000044e+00 2.483985374674455848e-01
5.000000000000000000e-01 1.600000000000000089e+00 1.320510062871231294e-01
5.000000000000000000e-01 1.649999999999999911e+00 6.758663655989646801e-02
5.000000000000000000e-01 1.699999999999999956e+00 3.968623122963282901e-02
5.000000000000000000e-01 1.750000000000000000e+00 2.405419541571776967e-02
5.000000000000000000e-01 1.800000000000000044e+00 1.745253452875333844e-02
5.000000000000000000e-01 1.850000000000000089e+00 1.504911653390516788e-02
5.000000000000000000e-01 1.899999999999999911e+00 1.732173137471130012e-02
5.000000000000000000e-01 1.949999999999999956e+00 1.482997516605874186e-02
5.000000000000000000e-01 2.000000000000000000e+00 1.070493439109580086e-02
5.000000000000000000e-01 2.049999999999999822e+00 1.095409078456694753e-02
5.000000000000000000e-01 2.100000000000000089e+00 1.023298851195590664e-02
5.000000000000000000e-01 2.149999999999999911e+00 9.669193610572326611e-03
5.000000000000000000e-01 2.200000000000000178e+00 9.600405904213370201e-03
5.000000000000000000e-01 2.250000000000000000e+00 9.723778242650058662e-03
5.000000000000000000e-01 2.299999999999999822e+00 1.043953593315872022e-02
5.000000000000000000e-01 2.350000000000000089e+00 1.199699931528772252e-02
5.000000000000000000e-01 2.399999999999999911e+00 1.370114989454247409e-02
5.000000000000000000e-01 2.450000000000000178e+00 1.363812386730369440e-02
5.000000000000000000e-01 2.500000000000000000e+00 1.636829748349212174e-02
5.000000000000000000e-01 2.549999999999999822e+00 1.599533797476742486e-02
5.000000000000000000e-01 2.600000000000000089e+00 1.717229161067118648e-02
5.000000000000000000e-01 2.649999999999999911e+00 1.763535125972598774e-02
5.000000000000000000e-01 2.700000000000000178e+00 2.272903491775572771e-02
5.000000000000000000e-01 2.750000000000000000e+00 1.246515830580381158e-02
5.000000000000000000e-01 2.799999999999999822e+00 1.044230663584909229e-02
5.000000000000000000e-01 2.850000000000000089e+00 1.187570497921945113e-02
5.000000000000000000e-01 2.899999999999999911e+00 1.170727598995854705e-02
5.000000000000000000e-01 2.950000000000000178e+00 1.199082445280075064e-02
5.000000000000000000e-01 3.000000000000000000e+00 2.263403943947643951e-02
5.000000000000000000e-01 3.049999999999999822e+00 2.082073947945509151e-02
5.000000000000000000e-01 3.100000000000000089e+00 4.808573352708155058e-02
5.000000000000000000e-01 3.149999999999999911e+00 9.122168903960900521e-02
5.000000000000000000e-01 3.200000000000000178e+00 5.929608002392272592e-02
5.000000000000000000e-01 3.250000000000000000e+00 1.199014821001019165e-01
5.000000000000000000e-01 3.299999999999999822e+00 3.786614669440772629e-01
5.000000000000000000e-01 3.350000000000000089e+00 1.900515127495218948e-01
5.000000000000000000e-01 3.399999999999999911e+00 4.469797404136205410e-02
5.000000000000000000e-01 3.450000000000000178e+00 1.704621443956962079e-02
5.000000000000000000e-01 3.500000000000000000e+00 1.717573662025389386e-02
5.000000000000000000e-01 3.549999999999999822e+00 1.376594463715089499e-02
5.000000000000000000e-01 3.600000000000000089e+00 5.478544029122830311e-02
5.000000000000000000e-01 3.649999999999999911e+00 9.804960354510244835e-02
5.000000000000000000e-01 3.700000000000000178e+00 4.431611915585998568e-02
5.000000000000000000e-01 3.750000000000000000e+00 2.341303234438230074e-02
5.000000000000000000e-01 3.799999999999999822e+00 6.561685933406961879e-02
5.000000000000000000e-01 3.850000000000000089e+00 2.492559617221909718e-01
5.000000000000000000e-01 3.899999999999999911e+00 1.103362439983720661e-01
5.000000000000000000e-01 3.950000000000000178e+00 1.017252729328035760e-01
5.000000000000000000e-01 4.000000000000000000e+00 0.000000000000000000e+00
9.000000000000000222e-01 5.000000000000000278e-02 2.031398311056020447e-05
9.000000000000000222e-01 1.000000000000000056e-01 1.424965879814889225e-06
9.000000000000000222e-01 1.499999999999999944e-01 7.971585543362034388e-06
9.000000000000000222e-01 2.000000000000000111e-01 2.426517329685539729e-05
9.000000000000000222e-01 2.500000000000000000e-01 3.534480898508334280e-06
9.000000000000000222e-01 2.999999999999999889e-01 1.880707071006989054e-06
9.000000000000000222e-01 3.499999999999999778e-01 1.510313233186032792e-05
9.000000000000000222e-01 4.000000000000000222e-01 9.169913086763799577e-06
9.000000000000000222e-01 4.500000000000000111e-01 3.578147702547590498e-05
9.000000000000000222e-01 5.000000000000000000e-01 3.196760589938217432e-05
9.000000000000000222e-01 5.500000000000000444e-01 1.107016346829182270e-05
9.000000000000000222e-01 5.999999999999999778e-01 1.332984137343306157e-05
9.000000000000000222e-01 6.500000000000000222e-01 8.884971532680204008e-06
9.000000000000000222e-01 6.999999999999999556e-01 4.303787000231076821e-05
9.000000000000000222e-01 7.500000000000000000e-01 3.722078929731008089e-06
9.000000000000000222e-01 8.000000000000000444e-01 9.632576064532571432e-06
9.000000000000000222e-01 8.499999999999999778e-01 5.088301575445108559e-06
9.000000000000000222e-01 9.000000000000000222e-01 1.601630517460959924e-05
9.000000000000000222e-01 9.499999999999999556e-01 1.161706011251921453e-05
9.000000000000000222e-01 1.000000000000000000e+00 4.050336561958668458e-06
9.000000000000000222e-01 1.050000000000000044e+00 1.241514616633350473e-05
9.000000000000000222e-01 1.100000000000000089e+00 3.178849778622464250e-05
9.000000000000000222e-01 1.149999999999999911e+00 1.670682130227879523e-06
9.000000000000000222e-01 1.199999999999999956e+00 8.856725857470398747e-05
9.000000000000000222e-01 1.250000000000000000e+00 8.251813154364777186e-05
9.000000000000000222e-01 1.300000000000000044e+00 5.066821289099221401e-06
9.000000000000000222e-01 1.350000000000000089e+00 6.089072147201745185e-05
9.000000000000000222e-01 1.399999999999999911e+00 2.198319724417098760e-05
9.000000000000000222e-01 1.449999999999999956e+00 6.215327400680869705e-05
9.000000000000000222e-01 1.500000000000000000e+00 2.799458202652652271e-05
9.000000000000000222e-01 1.550000000000000044e+00 5.833387927204225932e-05
9.000000000000000222e-01 1.600000000000000089e+00 4.006165499195890470e-04
9.000000000000000222e-01 1.649999999999999911e+00 8.942635357395630228e-04
9.000000000000000222e-01 1.699999999999999956e+00 1.067096451831302641e-03
9.000000000000000222e-01 1.750000000000000000e+00 1.424911658252018274e-03
9.000000000000000222e-01 1.800000000000000044e+00 1.607120376661244588e-03
9.000000000000000222e-01 1.850000000000000089e+00 1.479463142075588145e-03
9.000000000000000222e-01 1.899999999999999911e+00 1.544877379685356995e-03
9.000000000000000222e-01 1.949999999999999956e+00 1.537509652724815875e-03
9.000000000000000222e-01 2.000000000000000000e+00 1.753202707734776312e-03
9.000000000000000222e-01 2.049999999999999822e+00 2.995978557053474364e-03
9.000000000000000222e-01 2.100000000000000089e+00 4.626648859579587762e-03
9.000000000000000222e-01 2.149999999999999911e+00 8.579500927246401509e-03
9.000000000000000222e-01 2.200000000000000178e+00 2.681826246335632449e-02
9.000000000000000222e-01 2.250000000000000000e+00 1.779056786907285692e-01
9.000000000000000222e-01 2.299999999999999822e+00 1.000000000000000000e+00
9.000000000000000222e-01 2.350000000000000089e+00 6.089264234602659309e-01
9.000000000000000222e-01 2.399999999999999911e+00 1.284955751607699537e-01
9.000000000000000222e-01 2.450000000000000178e+00 7.457283131289504929e-02
9.000000000000000222e-01 2.500000000000000000e+00 2.939600085667454926e-02
9.000000000000000222e-01 2.549999999999999822e+00 2.082433301580951038e-02
9.000000000000000222e-01 2.600000000000000089e+00 1.499352520093496545e-02
9.000000000000000222e-01 2.649999999999999911e+00 1.298649853661049819e-02
9.000000000000000222e-01 2.700000000000000178e+00 1.059458724560069336e-02
9.000000000000000222e-01 2.750000000000000000e+00 9.936835156363310953e-03
9.000000000000000222e-01 2.799999999999999822e+00 6.359606724411226604e-03
9.000000000000000222e-01 2.850000000000000089e+00 6.156746952024400553e-03
9.000000000000000222e-01 2.899999999999999911e+00 3.499383460817107570e-03
9.000000000000000222e-01 2.950000000000000178e+00 2.894494384640192586e-03
9.000000000000000222e-01 3.000000000000000000e+00 3.477962728739184689e-03
9.000000000000000222e-01 3.049999999999999822e+00 5.615516062463048706e-03
9.000000000000000222e-01 3.100000000000000089e+00 2.698398896981923489e-03
9.000000000000000222e-01 3.149999999999999911e+00 1.186384167755492706e-02
9.000000000000000222e-01 3.200000000000000178e+00 8.245930950416365673e-03
9.000000000000000222e-01 3.250000000000000000e+00 5.155936739464925256e-02
9.000000000000000222e-01 3.299999999999999822e+00 7.933907194261943796e-02
9.000000000000000222e-01 3.350000000000000089e+00 3.746253006611515585e-02
9.000000000000000222e-01 3.399999999999999911e+00 2.710966267851466077e-02
9.000000000000000222e-01 3.450000000000000178e+00 1.111483597030016139e-02
9.000000000000000222e-01 3.500000000000000000e+00 8.733341799098759753e-03
9.000000000000000222e-01 3.549999999999999822e+00 3.432023006680965937e-01
9.000000000000000222e-01 3.600000000000000089e+00 5.186349256276184816e-01
9.000000000000000222e-01 3.649999999999999911e+00 5.604282890399372996e-02
9.000000000000000222e-01 3.700000000000000178e+00 8.248343611627809158e-03
9.000000000000000222e-01 3.750000000000000000e+00 8.676231158730623658e-03
9.000000000000000222e-01 3.799999999999999822e+00 8.371898799462568208e-03
9.000000000000000222e-01 3.850000000000000089e+00 1.292743004007584559e-02
9.000000000000000222e-01 3.899999999999999911e+00 1.583439322594425158e-02
9.000000000000000222e-01 3.950000000000000178e+00 5.240470171626346492e-03
9.000000000000000222e-01 4.000000000000000000e+00 0.000000000000000000e+00
4.000000000000000222e-01 5.000000000000000278e-02 2.084256181275484249e-03
4.000000000000000222e-01 1.000000000000000056e-01 3.770220087315950060e-04
4.000000000000000222e-01 1.499999999999999944e-01 5.635001971743461681e-04
4.000000000000000222e-01 2.000000000000000111e-01 1.617666311722096946e-03
4.000000000000000222e-01 2.500000000000000000e-01 1.495170934793683959e-03
4.000000000000000222e-01 2.999999999999999889e-01 3.685952753713946442e-03
4.000000000000000222e-01 3.499999999999999778e-01 3.142232809996492633e-03
4.000000000000000222e-01 4.000000000000000222e-01 4.953320110221881740e-04
4.000000000000000222e-01 4.500000000000000111e-01 9.163700314340353977e-04
4.000000000000000222e-01 5.000000000000000000e-01 2.812767137714429141e-03
4.000000000000000222e-01 5.500000000000000444e-01 1.016449052768236654e-02
4.000000000000000222e-01 5.999999999999999778e-01 2.274622917375052067e-02
4.000000000000000222e-01 6.500000000000000222e-01 2.302381469125794888e-01
4.000000000000000222e-01 6.999999999999999556e-01 9.197950188612678823e-02
4.000000000000000222e-01 7.500000000000000000e-01 4.626438168636465287e-02
4.000000000000000222e-01 8.000000000000000444e-01 6.582732761197541971e-02
4.000000000000000222e-01 8.499999999999999778e-01 5.899654075834562250e-02
4.000000000000000222e-01 9.000000000000000222e-01 4.413325269718952615e-02
4.000000000000000222e-01 9.499999999999999556e-01 7.706262328828696051e-02
4.000000000000000222e-01 1.000000000000000000e+00 1.318167171257971226e-01
4.000000000000000222e-01 1.050000000000000044e+00 2.015173253594947922e-01
4.000000000000000222e-01 1.100000000000000089e+00 2.072763630797839762e-01
4.000000000000000222e-01 1.149999999999999911e+00 5.162828406921420310e-01
4.000000000000000222e-01 1.199999999999999956e+00 1.000000000000000000e+00
4.000000000000000222e-01 1.250000000000000000e+00 8.228095010509123286e-01
4.000000000000000222e-01 1.300000000000000044e+00 5.116005895205940623e-01
4.000000000000000222e-01 1.350000000000000089e+00 1.468510165846093618e-01
4.000000000000000222e-01 1.399999999999999911e+00 4.821541424203525800e-02
4.000000000000000222e-01 1.449999999999999956e+00 2.955875555276385458e-02
4.000000000000000222e-01 1.500000000000000000e+00 1.924701846983696910e-02
4.000000000000000222e-01 1.550000000000000044e+00 1.433728317493592613e-02
4.000000000000000222e-01 1.600000000000000089e+00 1.430153450485122275e-02
4.000000000000000222e-01 1.649999999999999911e+00 1.536957453278620274e-02
4.000000000000000222e-01 1.699999999999999956e+00 1.411966483285885705e-02
4.000000000000000222e-01 1.750000000000000000e+00 1.066184072798771060e-02
4.000000000000000222e-01 1.800000000000000044e+00 1.124448170527190920e-02
4.000000000000000222e-01 1.850000000000000089e+00 1.252579452736220580e-02
4.000000000000000222e-01 1.899999999999999911e+00 9.985169911638358889e-03
4.000000000000000222e-01 1.949999999999999956e+00 9.106424025791310176e-03
4.000000000000000222e-01 2.000000000000000000e+00 1.181144818733269840e-02
4.000000000000000222e-01 2.049999999999999822e+00 1.168834805443596560e-02
4.000000000000000222e-01 2.100000000000000089e+00 1.202354790038508842e-02
4.000000000000000222e-01 2.149999999999999911e+00 1.308057226062077014e-02
4.000000000000000222e-01 2.200000000000000178e+00 1.324126320329338351e-02
4.000000000000000222e-01 2.250000000000000000e+00 1.196520710676051390e-02
4.000000000000000222e-01 2.299999999999999822e+00 1.319339999183523002e-02
4.000000000000000222e-01 2.350000000000000089e+00 1.145750741149355496e-02
4.000000000000000222e-01 2.399999999999999911e+00 1.200966848223912649e-02
4.000000000000000222e-01 2.450000000000000178e+00 1.157303865848407359e-02
4.000000000000000222e-01 2.500000000000000000e+00 1.075624778620498830e-02
4.000000000000000222e-01 2.549999999999999822e+00 9.281389241881515817e-03
4.000000000000000222e-01 2.600000000000000089e+00 1.002444802863051120e-02
4.000000000000000222e-01 2.649999999999999911e+00 9.349278102426319959e-03
4.000000000000000222e-01 2.700000000000000178e+00 7.832175020984722888e-03
4.000000000000000222e-01 2.750000000000000000e+00 9.892925297278653413e-03
4.000000000000000222e-01 2.799999999999999822e+00 1.092587334218131888e-02
4.000000000000000222e-01 2.850000000000000089e+00 1.139656541012385241e-02
4.000000000000000222e-01 2.899999999999999911e+00 1.098991077610965775e-02
4.000000000000000222e-01 2.950000000000000178e+00 1.216134721007002678e-02
4.000000000000000222e-01 3.000000000000000000e+00 1.355477475907977680e-02
4.000000000000000222e-01 3.049999999999999822e+00 1.926148406399101620e-02
4.000000000000000222e-01 3.100000000000000089e+00 3.010133499865747311e-02
4.000000000000000222e-01 3.149999999999999911e+00 2.005713818699794704e-02
4.000000000000000222e-01 3.200000000000000178e+00 2.350764032758791838e-02
4.000000000000000222e-01 3.250000000000000000e+00 2.695275568107173905e-02
4.000000000000000222e-01 3.299999999999999822e+00 4.854348289003056205e-02
4.000000000000000222e-01 3.350000000000000089e+00 7.296878848705914966e-02
4.000000000000000222e-01 3.399999999999999911e+00 4.071436300657025470e-02
4.000000000000000222e-01 3.450000000000000178e+00 1.621431779263983117e-02
4.000000000000000222e-01 3.500000000000000000e+00 7.980277180076510157e-03
4.000000000000000222e-01 3.549999999999999822e+00 8.197841344492869109e-03
4.000000000000000222e-01 3.600000000000000089e+00 4.570078729158070369e-02
4.000000000000000222e-01 3.649999999999999911e+00 2.974509702442447792e-02
4.000000000000000222e-01 3.700000000000000178e+00 5.198164577805755582e-02
4.000000000000000222e-01 3.750000000000000000e+00 2.844173542093673956e-02
4.000000000000000222e-01 3.799999999999999822e+00 5.674487091832541852e-02
4.000000000000000222e-01 3.850000000000000089e+00 6.818483055500466905e-02
4.000000000000000222e-01 3.899999999999999911e+00 9.901920736772462650e-02
4.000000000000000222e-01 3.950000000000000178e+00 6.232729353989411442e-02
4.000000000000000222e-01 4.000000000000000000e+00 0.000000000000000000e+00
6.999999999999999556e-01 5.000000000000000278e-02 4.902750298946416982e-05
6.999999999999999556e-01 1.000000000000000056e-01 8.083508937200329541e-05
6.999999999999999556e-01 1.499999999999999944e-01 2.931458458787571477e-04
6.999999999999999556e-01 2.000000000000000111e-01 6.381855851163425737e-05
6.999999999999999556e-01 2.500000000000000000e-01 2.780881199795429002e-05
6.999999999999999556e-01 2.999999999999999889e-01 1.209220401384652972e-04
6.999999999999999556e-01 3.499999999999999778e-01 2.438758555693558663e-05
6.999999999999999556e-01 4.000000000000000222e-01 4.518966746855150552e-04
6.999999999999999556e-01 4.500000000000000111e-01 5.266462800358593142e-05
6.999999999999999556e-01 5.000000000000000000e-01 5.026435106400569097e-05
6.999999999999999556e-01 5.500000000000000444e-01 1.444691438518930324e-04
6.999999999999999556e-01 5.999999999999999778e-01 3.479360287742988317e-04
6.999999999999999556e-01 6.500000000000000222e-01 6.087613486290077914e-05
6.999999999999999556e-01 6.999999999999999556e-01 5.857509058866515071e-05
6.999999999999999556e-01 7.500000000000000000e-01 1.844993547571882489e-04
6.999999999999999556e-01 8.000000000000000444e-01 4.488476597954306328e-04
6.999999999999999556e-01 8.499999999999999778e-01 3.055908029408283618e-04
6.999999999999999556e-01 9.000000000000000222e-01 9.541126077403444474e-05
6.999999999999999556e-01 9.499999999999999556e-01 7.830113148547939990e-05
6.999999999999999556e-01 1.000000000000000000e+00 1.006271326054137345e-04
6.999999999999999556e-01 1.050000000000000044e+00 1.542433109121998827e-04
6.999999999999999556e-01 1.100000000000000089e+00 5.733987911038369812e-04
6.999999999999999556e-01 1.149999999999999911e+00 4.974813274586872142e-03
6.999999999999999556e-01 1.199999999999999956e+00 8.900335549846141378e-03
6.999999999999999556e-01 1.250000000000000000e+00 1.508428081203050386e-02
6.999999999999999556e-01 1.300000000000000044e+00 2.069489223914297571e-02
6.999999999999999556e-01 1.350000000000000089e+00 1.621328082866908826e-02
6.999999999999999556e-01 1.399999999999999911e+00 1.658808541486296584e-02
6.999999999999999556e-01 1.449999999999999956e+00 1.380618113026322105e-02
6.999999999999999556e-01 1.500000000000000000e+00 1.009314507897634584e-02
6.999999999999999556e-01 1.550000000000000044e+00 1.098937594190542953e-02
6.999999999999999556e-01 1.600000000000000089e+00 1.430513089928493221e-02
6.999999999999999556e-01 1.649999999999999911e+00 2.869957757771054996e-02
6.999999999999999556e-01 1.699999999999999956e+00 6.955014510336439415e-02
6.999999999999999556e-01 1.750000000000000000e+00 1.086818784252278902e-01
6.999999999999999556e-01 1.800000000000000044e+00 2.746817308008969172e-01
6.999999999999999556e-01 1.850000000000000089e+00 5.460168966499530097e-01
6.999999999999999556e-01 1.899999999999999911e+00 8.289868396269329809e-01
6.999999999999999556e-01 1.949999999999999956e+00 4.413128206428458822e-01
6.999999999999999556e-01 2.000000000000000000e+00 2.274491992141589869e-01
6.999999999999999556e-01 2.049999999999999822e+00 1.062554737866303889e-01
6.999999999999999556e-01 2.100000000000000089e+00 7.632232186107890115e-02
6.999999999999999556e-01 2.149999999999999911e+00 4.470676010389870725e-02
6.999999999999999556e-01 2.200000000000000178e+00 3.815752999108987936e-02
6.999999999999999556e-01 2.250000000000000000e+00 3.456535274690750864e-02
6.999999999999999556e-01 2.299999999999999822e+00 2.704051884312218962e-02
6.999999999999999556e-01 2.350000000000000089e+00 2.266789417621029729e-02
6.999999999999999556e-01 2.399999999999999911e+00 2.122925644893662589e-02
6.999999999999999556e-01 2.450000000000000178e+00 1.564468612305957781e-02
6.999999999999999556e-01 2.500000000000000000e+00 1.224108752356014608e-02
6.999999999999999556e-01 2.549999999999999822e+00 1.194408689176373363e-02
6.999999999999999556e-01 2.600000000000000089e+00 1.393591226520774461e-02
6.999999999999999556e-01 2.649999999999999911e+00 1.307201869252712541e-02
6.999999999999999556e-01 2.700000000000000178e+00 1.420996601541199209e-02
6.999999999999999556e-01 2.750000000000000000e+00 1.176585661841298910e-02
6.999999999999999556e-01 2.799999999999999822e+00 1.193208935931232978e-02
6.999999999999999556e-01 2.850000000000000089e+00 1.080186695575023094e-02
6.999999999999999556e-01 2.899999999999999911e+00 8.330121576589554974e-03
6.999999999999999556e-01 2.950000000000000178e+00 8.086962753989601280e-03
6.999999999999999556e-01 3.000000000000000000e+00 6.991404995786170209e-03
6.999999999999999556e-01 3.049999999999999822e+00 8.387966567271105262e-03
6.999999999999999556e-01 3.100000000000000089e+00 1.368553553703192108e-02
6.999999999999999556e-01 3.149999999999999911e+00 1.529901227353891620e-02
6.999999999999999556e-01 3.200000000000000178e+00 4.884289671515138626e-02
6.999999999999999556e-01 3.250000000000000000e+00 5.435710350203495217e-02
6.999999999999999556e-01 3.299999999999999822e+00 1.087422677043206609e-01
6.999999999999999556e-01 3.350000000000000089e+00 8.949984338609477952e-01
6.999999999999999556e-01 3.399999999999999911e+00 4.010919920449977916e-01
6.999999999999999556e-01 3.450000000000000178e+00 5.112463344698096185e-02
6.999999999999999556e-01 3.500000000000000000e+00 9.088029831515163082e-01
6.999999999999999556e-01 3.549999999999999822e+00 1.000000000000000000e+00
6.999999999999999556e-01 3.600000000000000089e+00 1.959318753331808216e-01
6.999999999999999556e-01 3.649999999999999911e+00 1.179063167864254774e-01
6.999999999999999556e-01 3.700000000000000178e+00 1.314853706925972199e-01
6.999999999999999556e-01 3.750000000000000000e+00 1.238347560834264643e-01
6.999999999999999556e-01 3.799999999999999822e+00 2.731111302618708381e-01
6.999999999999999556e-01 3.850000000000000089e+00 1.202260293716497092e-01
6.999999999999999556e-01 3.899999999999999911e+00 1.053897580895132996e-01
6.999999999999999556e-01 3.950000000000000178e+00 1.705626130608460175e-02
6.999999999999999556e-01 4.000000000000000000e+00 0.000000000000000000e+00
8.000000000000000444e-01 5.000000000000000278e-02 1.448356566893577906e-04
8.000000000000000444e-01 1.000000000000000056e-01 4.430763685621594408e-05
8.000000000000000444e-01 1.499999999999999944e-01 1.392977831806998493e-04
8.000000000000000444e-01 2.000000000000000111e-01 3.426982146295254469e-05
8.000000000000000444e-01 2.500000000000000000e-01 3.760434886710681875e-04
8.000000000000000444e-01 2.999999999999999889e-01 1.108460746730618849e-04
8.000000000000000444e-01 3.499999999999999778e-01 3.408136184477200827e-05
8.000000000000000444e-01 4.000000000000000222e-01 4.918842931384674475e-05
8.000000000000000444e-01 4.500000000000000111e-01 3.779513374200400968e-05
8.000000000000000444e-01 5.000000000000000000e-01 1.127259094243103965e-05
8.000000000000000444e-01 5.500000000000000444e-01 1.396408118480408858e-05
8.000000000000000444e-01 5.999999999999999778e-01 4.263702981320773467e-05
8.000000000000000444e-01 6.500000000000000222e-01 4.405471107462931128e-04
8.000000000000000444e-01 6.999999999999999556e-01 5.721991447073969048e-04
8.000000000000000444e-01 7.500000000000000000e-01 1.167586711339840863e-05
8.000000000000000444e-01 8.000000000000000444e-01 4.356449561547802484e-05
8.000000000000000444e-01 8.499999999999999778e-01 2.146103472014160079e-04
8.000000000000000444e-01 9.000000000000000222e-01 6.395044744857094796e-05
8.000000000000000444e-01 9.499999999999999556e-01 4.836199134082790860e-05
8.000000000000000444e-01 1.000000000000000000e+00 2.355713300401775045e-05
8.000000000000000444e-01 1.050000000000000044e+00 7.276572172730382817e-05
8.000000000000000444e-01 1.100000000000000089e+00 2.290672835488503819e-05
8.000000000000000444e-01 1.149999999999999911e+00 2.380582101450727468e-05
8.000000000000000444e-01 1.199999999999999956e+00 3.121947927032141723e-04
8.000000000000000444e-01 1.250000000000000000e+00 7.975916778291187894e-05
8.000000000000000444e-01 1.300000000000000044e+00 9.861432121309506439e-05
8.000000000000000444e-01 1.350000000000000089e+00 7.000127366913720412e-04
8.000000000000000444e-01 1.399999999999999911e+00 3.158420117237645264e-03
8.000000000000000444e-01 1.449999999999999956e+00 3.771800952786958337e-03
8.000000000000000444e-01 1.500000000000000000e+00 5.766927850191941839e-03
8.000000000000000444e-01 1.550000000000000044e+00 5.112109999012401547e-03
8.000000000000000444e-01 1.600000000000000089e+00 6.586552736010106886e-03
8.000000000000000444e-01 1.649999999999999911e+00 5.666571506421516288e-03
8.000000000000000444e-01 1.699999999999999956e+00 4.790620845502802962e-03
8.000000000000000444e-01 1.750000000000000000e+00 7.437578836333749895e-03
8.000000000000000444e-01 1.800000000000000044e+00 1.104141849574455207e-02
8.000000000000000444e-01 1.850000000000000089e+00 1.761347647956795423e-02
8.000000000000000444e-01 1.899999999999999911e+00 4.014702413845924744e-02
8.000000000000000444e-01 1.949999999999999956e+00 9.467690752417076694e-02
8.000000000000000444e-01 2.000000000000000000e+00 2.183106148850298411e-01
8.000000000000000444e-01 2.049999999999999822e+00 5.352727678256010702e-01
8.000000000000000444e-01 2.100000000000000089e+00 1.000000000000000000e+00
8.000000000000000444e-01 2.149999999999999911e+00 6.775356695025894771e-01
8.000000000000000444e-01 2.200000000000000178e+00 3.601700494273017417e-01
8.000000000000000444e-01 2.250000000000000000e+00 1.071891209861388500e-01
8.000000000000000444e-01 2.299999999999999822e+00 7.518589345076094610e-02
8.000000000000000444e-01 2.350000000000000089e+00 6.169049152360075311e-02
8.000000000000000444e-01 2.399999999999999911e+00 6.185612406085354981e-02
8.000000000000000444e-01 2.450000000000000178e+00 4.842577062014385286e-02
8.000000000000000444e-01 2.500000000000000000e+00 3.880559679270441376e-02
8.000000000000000444e-01 2.549999999999999822e+00 3.072658649312369136e-02
8.000000000000000444e-01 2.600000000000000089e+00 3.446276198392653201e-02
8.000000000000000444e-01 2.649999999999999911e+00 2.236718677559941873e-02
8.000000000000000444e-01 2.700000000000000178e+00 2.177694470626307874e-02
8.000000000000000444e-01 2.750000000000000000e+00 2.688852687419832424e-02
8.000000000000000444e-01 2.799999999999999822e+00 1.213046663852862007e-02
8.000000000000000444e-01 2.850000000000000089e+00 1.215003741588914672e-02
8.000000000000000444e-01 2.899999999999999911e+00 1.839847734946718424e-02
8.000000000000000444e-01 2.950000000000000178e+00 8.265918340254490085e-03
8.000000000000000444e-01 3.000000000000000000e+00 1.103550350863487933e-02
8.000000000000000444e-01 3.049999999999999822e+00 1.098143350347740438e-02
8.000000000000000444e-01 3.100000000000000089e+00 1.456932392040470245e-02
8.000000000000000444e-01 3.149999999999999911e+00 1.415815824834911092e-02
8.000000000000000444e-01 3.200000000000000178e+00 2.211566864099255222e-02
8.000000000000000444e-01 3.250000000000000000e+00 4.706553830743041150e-02
8.000000000000000444e-01 3.299999999999999822e+00 1.051741312135281436e-01
8.000000000000000444e-01 3.350000000000000089e+00 1.720623866804865953e-01
8.000000000000000444e-01 3.399999999999999911e+00 1.642229995589898073e-01
8.000000000000000444e-01 3.450000000000000178e+00 5.968356895022715325e-02
8.000000000000000444e-01 3.500000000000000000e+00 1.102337193607160343e-01
8.000000000000000444e-01 3.549999999999999822e+00 2.596720549764414687e-01
8.000000000000000444e-01 3.600000000000000089e+00 1.717940174663399322e-01
8.000000000000000444e-01 3.649999999999999911e+00 2.619456580603173323e-01
8.000000000000000444e-01 3.700000000000000178e+00 2.374179279082484773e-01
8.000000000000000444e-01 3.750000000000000000e+00 1.188724966513571291e-02
8.000000000000000444e-01 3.799999999999999822e+00 1.707053548933012282e-02
8.000000000000000444e-01 3.850000000000000089e+00 4.837182658234788490e-02
8.000000000000000444e-01 3.899999999999999911e+00 1.369733739872812557e-02
8.000000000000000444e-01 3.950000000000000178e+00 3.431946946528157544e-02
8.000000000000000444e-01 4.000000000000000000e+00 0.000000000000000000e+00
2.999999999999999889e-01 5.000000000000000278e-02 9.732216134457516595e-05
2.999999999999999889e-01 1.000000000000000056e-01 3.834257054440110501e-05
2.999999999999999889e-01 1.499999999999999944e-01 3.420009613849333782e-04
2.999999999999999889e-01 2.000000000000000111e-01 2.310116074234281128e-04
2.999999999999999889e-01 2.500000000000000000e-01 4.290921918429297841e-04
2.999999999999999889e-01 2.999999999999999889e-01 2.318618628051643833e-03
2.999999999999999889e-01 3.499999999999999778e-01 1.141597511240416592e-02
2.999999999999999889e-01 4.000000000000000222e-01 1.894782645972642454e-02
2.999999999999999889e-01 4.500000000000000111e-01 2.995623950180480860e-02
2.999999999999999889e-01 5.000000000000000000e-01 4.194593752980669416e-02
2.999999999999999889e-01 5.500000000000000444e-01 4.118830579003602416e-02
2.999999999999999889e-01 5.999999999999999778e-01 4.186267163127331548e-02
2.999999999999999889e-01 6.500000000000000222e-01 3.392868400927349926e-02
2.999999999999999889e-01 6.999999999999999556e-01 7.029271136499802564e-02
2.999999999999999889e-01 7.500000000000000000e-01 1.017193587158795182e-01
2.999999999999999889e-01 8.000000000000000444e-01 9.167526942459668093e-02
2.999999999999999889e-01 8.499999999999999778e-01 1.238305660164092381e-01
2.999999999999999889e-01 9.000000000000000222e-01 4.658795188858209091e-01
2.999999999999999889e-01 9.499999999999999556e-01 1.000000000000000000e+00
2.999999999999999889e-01 1.000000000000000000e+00 3.431198402419631810e-01
2.999999999999999889e-01 1.050000000000000044e+00 1.020193763313100022e-01
2.999999999999999889e-01 1.100000000000000089e+00 3.018570818545717252e-02
2.999999999999999889e-01 1.149999999999999911e+00 1.615469955108485289e-02
2.999999999999999889e-01 1.199999999999999956e+00 1.108314317804134398e-02
2.999999999999999889e-01 1.250000000000000000e+00 8.941181088342966057e-03
2.999999999999999889e-01 1.300000000000000044e+00 7.708217142803309822e-03
2.999999999999999889e-01 1.350000000000000089e+00 5.748159735443146567e-03
2.999999999999999889e-01 1.399999999999999911e+00 5.382415630749871373e-03
2.999999999999999889e-01 1.449999999999999956e+00 4.672266722019606001e-03
2.999999999999999889e-01 1.500000000000000000e+00 5.892406875502136272e-03
2.999999999999999889e-01 1.550000000000000044e+00 6.293639992486907940e-03
2.999999999999999889e-01 1.600000000000000089e+00 6.550512836899806055e-03
2.999999999999999889e-01 1.649999999999999911e+00 6.566894321240767697e-03
2.999999999999999889e-01 1.699999999999999956e+00 5.539776308938640891e-03
2.999999999999999889e-01 1.750000000000000000e+00 3.524461719637763443e-03
2.999999999999999889e-01 1.800000000000000044e+00 3.213434662855940097e-03
2.999999999999999889e-01 1.850000000000000089e+00 3.457346065448141728e-03
2.999999999999999889e-01 1.899999999999999911e+00 4.519415698799828483e-03
2.999999999999999889e-01 1.949999999999999956e+00 3.521640618339112044e-03
2.999999999999999889e-01 2.000000000000000000e+00 4.177355922351263726e-03
2.999999999999999889e-01 2.049999999999999822e+00 4.403276160853042062e-03
2.999999999999999889e-01 2.100000000000000089e+00 5.154534802452257966e-03
2.999999999999999889e-01 2.149999999999999911e+00 4.996835683606475065e-03
2.999999999999999889e-01 2.200000000000000178e+00 4.807817053874648486e-03
2.999999999999999889e-01 2.250000000000000000e+00 4.962468934864386685e-03
2.999999999999999889e-01 2.299999999999999822e+00 4.570349124088628721e-03
2.999999999999999889e-01 2.350000000000000089e+00 4.394101859387086750e-03
2.999999999999999889e-01 2.399999999999999911e+00 4.595686681490266864e-03
2.999999999999999889e-01 2.450000000000000178e+00 4.113554542567923050e-03
2.999999999999999889e-01 2.500000000000000000e+00 4.234013982268566845e-03
2.999999999999999889e-01 2.549999999999999822e+00 5.098680898267501579e-03
2.999999999999999889e-01 2.600000000000000089e+00 5.065883247287254233e-03
2.999999999999999889e-01 2.649999999999999911e+00 4.876103346292536868e-03
2.999999999999999889e-01 2.700000000000000178e+00 5.092488768941007271e-03
2.999999999999999889e-01 2.750000000000000000e+00 5.926731935288840486e-03
2.999999999999999889e-01 2.799999999999999822e+00 4.890008096198375162e-03
2.999999999999999889e-01 2.850000000000000089e+00 5.238806244284560827e-03
2.999999999999999889e-01 2.899999999999999911e+00 6.234945056746665076e-03
2.999999999999999889e-01 2.950000000000000178e+00 5.696472472571310376e-03
2.999999999999999889e-01 3.000000000000000000e+00 5.923404719654998089e-03
2.999999999999999889e-01 3.049999999999999822e+00 7.114595727207457046e-03
2.999999999999999889e-01 3.100000000000000089e+00 8.144000601461618555e-03
2.999999999999999889e-01 3.149999999999999911e+00 8.125721629934155865e-03
2.999999999999999889e-01 3.200000000000000178e+00 8.509326558150833927e-03
2.999999999999999889e-01 3.250000000000000000e+00 1.143251608995702294e-02
2.999999999999999889e-01 3.299999999999999822e+00 8.651169133428894889e-03
2.999999999999999889e-01 3.350000000000000089e+00 1.228864133389910920e-02
2.999999999999999889e-01 3.399999999999999911e+00 7.744136184908538556e-03
2.999999999999999889e-01 3.450000000000000178e+00 4.186754635522044708e-03
2.999999999999999889e-01 3.500000000000000000e+00 2.290503189460738487e-03
2.999999999999999889e-01 3.549999999999999822e+00 4.135120571071098337e-03
2.999999999999999889e-01 3.600000000000000089e+00 4.421419273628580948e-03
2.999999999999999889e-01 3.649999999999999911e+00 6.512023773836692064e-02
2.999999999999999889e-01 3.700000000000000178e+00 7.682693293555757641e-02
2.999999999999999889e-01 3.750000000000000000e+00 1.058711621673324131e-02
2.999999999999999889e-01 3.799999999999999822e+00 1.786993997872024509e-02
2.999999999999999889e-01 3.850000000000000089e+00 9.858873668179966854e-03
2.999999999999999889e-01 3.899999999999999911e+00 1.634828067727240111e-02
2.999999999999999889e-01 3.950000000000000178e+00 1.598653314433617564e-02
2.999999999999999889e-01 4.000000000000000000e+00 0.000000000000000000e+00
0.000000000000000000e+00 5.000000000000000278e-02 1.000000000000000000e+00
0.000000000000000000e+00 1.000000000000000056e-01 3.348338265317114537e-01
0.000000000000000000e+00 1.499999999999999944e-01 2.240709645078239332e-01
0.000000000000000000e+00 2.000000000000000111e-01 9.176759397758824099e-02
0.000000000000000000e+00 2.500000000000000000e-01 5.941323038913957216e-02
0.000000000000000000e+00 2.999999999999999889e-01 5.076997335210864382e-02
0.000000000000000000e+00 3.499999999999999778e-01 4.495133687114936244e-02
0.000000000000000000e+00 4.000000000000000222e-01 4.800102536610974940e-02
0.000000000000000000e+00 4.500000000000000111e-01 3.945623333438448566e-02
0.000000000000000000e+00 5.000000000000000000e-01 2.693178064065138502e-02
0.000000000000000000e+00 5.500000000000000444e-01 2.371224712766745873e-02
0.000000000000000000e+00 5.999999999999999778e-01 2.157377294443842825e-02
0.000000000000000000e+00 6.500000000000000222e-01 1.645265486622038073e-02
0.000000000000000000e+00 6.999999999999999556e-01 3.070888151461855994e-02
0.000000000000000000e+00 7.500000000000000000e-01 2.282581030318117654e-02
0.000000000000000000e+00 8.000000000000000444e-01 1.850869893709807326e-02
0.000000000000000000e+00 8.499999999999999778e-01 1.616224651031819212e-02
0.000000000000000000e+00 9.000000000000000222e-01 1.233565426636108742e-02
0.000000000000000000e+00 9.499999999999999556e-01 1.279844042293393040e-02
0.000000000000000000e+00 1.000000000000000000e+00 9.787704738989164502e-03
0.000000000000000000e+00 1.050000000000000044e+00 7.912828114243708466e-03
0.000000000000000000e+00 1.100000000000000089e+00 1.049318518252795665e-02
0.000000000000000000e+00 1.149999999999999911e+00 8.330419114884447807e-03
0.000000000000000000e+00 1.199999999999999956e+00 8.666818548658215826e-03
0.000000000000000000e+00 1.250000000000000000e+00 9.032517271177036011e-03
0.000000000000000000e+00 1.300000000000000044e+00 9.928069392565666909e-03
0.000000000000000000e+00 1.350000000000000089e+00 9.818604186903508169e-03
0.000000000000000000e+00 1.399999999999999911e+00 1.005773211949967383e-02
0.000000000000000000e+00 1.449999999999999956e+00 1.059612038878398645e-02
0.000000000000000000e+00 1.500000000000000000e+00 1.077616785110457713e-02
0.000000000000000000e+00 1.550000000000000044e+00 1.176297973483935583e-02
0.000000000000000000e+00 1.600000000000000089e+00 1.129856706760750014e-02
0.000000000000000000e+00 1.649999999999999911e+00 1.036044414397406695e-02
0.000000000000000000e+00 1.699999999999999956e+00 1.365707730745735655e-02
0.000000000000000000e+00 1.750000000000000000e+00 1.148896758356492305e-02
0.000000000000000000e+00 1.800000000000000044e+00 1.228949123329032070e-02
0.000000000000000000e+00 1.850000000000000089e+00 1.276012104093910728e-02
0.000000000000000000e+00 1.899999999999999911e+00 1.264140458145427554e-02
0.000000000000000000e+00 1.949999999999999956e+00 1.229399994480708663e-02
0.000000000000000000e+00 2.000000000000000000e+00 9.996190975815921406e-03
0.000000000000000000e+00 2.049999999999999822e+00 1.138163453360161240e-02
0.000000000000000000e+00 2.100000000000000089e+00 1.110685518033276663e-02
0.000000000000000000e+00 2.149999999999999911e+00 1.209559172033730819e-02
0.000000000000000000e+00 2.200000000000000178e+00 1.455416325356796194e-02
0.000000000000000000e+00 2.250000000000000000e+00 1.484622317599011004e-02
0.000000000000000000e+00 2.299999999999999822e+00 1.826615568819809493e-02
0.000000000000000000e+00 2.350000000000000089e+00 1.860018164452297007e-02
0.000000000000000000e+00 2.399999999999999911e+00 2.272954900195572892e-02
0.000000000000000000e+00 2.450000000000000178e+00 2.208436137876748293e-02
0.000000000000000000e+00 2.500000000000000000e+00 2.222474867746244281e-02
0.000000000000000000e+00 2.549999999999999822e+00 2.656444930461171125e-02
0.000000000000000000e+00 2.600000000000000089e+00 2.390745209612508276e-02
0.000000000000000000e+00 2.649999999999999911e+00 2.218721350513514629e-02
0.000000000000000000e+00 2.700000000000000178e+00 2.166988688234102942e-02
0.000000000000000000e+00 2.750000000000000000e+00 1.980440341193325654e-02
0.000000000000000000e+00 2.799999999999999822e+00 1.680040226405606421e-02
0.000000000000000000e+00 2.850000000000000089e+00 1.743497446641293497e-02
0.000000000000000000e+00 2.899999999999999911e+00 1.549983924804212466e-02
0.000000000000000000e+00 2.950000000000000178e+00 1.887718612487009756e-02
0.000000000000000000e+00 3.000000000000000000e+00 1.602942531167219492e-02
0.000000000000000000e+00 3.049999999999999822e+00 1.329229295960247283e-02
0.000000000000000000e+00 3.100000000000000089e+00 1.008905559520983930e-02
0.000000000000000000e+00 3.149999999999999911e+00 1.210216001259884801e-02
0.000000000000000000e+00 3.200000000000000178e+00 9.283059704141893853e-03
0.000000000000000000e+00 3.250000000000000000e+00 1.293417995515975562e-02
0.000000000000000000e+00 3.299999999999999822e+00 7.779323241701947833e-03
0.000000000000000000e+00 3.350000000000000089e+00 2.674268072979514577e-02
0.000000000000000000e+00 3.399999999999999911e+00 3.075805932962675376e-02
0.000000000000000000e+00 3.450000000000000178e+00 6.060449559915701348e-03
0.000000000000000000e+00 3.500000000000000000e+00 7.674736924548464408e-03
0.000000000000000000e+00 3.549999999999999822e+00 7.949444821353516405e-03
0.000000000000000000e+00 3.600000000000000089e+00 1.232860461116031675e-02
0.000000000000000000e+00 3.649999999999999911e+00 6.614794225979150552e-03
0.000000000000000000e+00 3.700000000000000178e+00 6.580118389402937230e-03
0.000000000000000000e+00 3.750000000000000000e+00 8.512327630421414812e-03
0.000000000000000000e+00 3.799999999999999822e+00 6.997630056623883009e-03
0.000000000000000000e+00 3.850000000000000089e+00 7.179596017762295002e-03
0.000000000000000000e+00 3.899999999999999911e+00 5.021985721149412052e-02
0.000000000000000000e+00 3.950000000000000178e+00 3.787548363755666864e-02
0.000000000000000000e+00 4.000000000000000000e+00 0.000000000000000000e+00
2.000000000000000111e-01 5.000000000000000278e-02 1.167029844139811420e-03
2.000000000000000111e-01 1.000000000000000056e-01 2.010013707252042252e-03
2.000000000000000111e-01 1.499999999999999944e-01 1.349611073563075463e-02
2.000000000000000111e-01 2.000000000000000111e-01 2.891113870403306044e-02
2.000000000000000111e-01 2.500000000000000000e-01 1.111411391279422262e-01
2.000000000000000111e-01 2.999999999999999889e-01 1.235661575691900799e-01
2.000000000000000111e-01 3.499999999999999778e-01 1.100907927322060526e-01
2.000000000000000111e-01 4.000000000000000222e-01 1.292424236148140004e-01
2.000000000000000111e-01 4.500000000000000111e-01 1.261627753429319931e-01
2.000000000000000111e-01 5.000000000000000000e-01 1.620116676677124945e-01
2.000000000000000111e-01 5.500000000000000444e-01 1.857669279470372248e-01
2.000000000000000111e-01 5.999999999999999778e-01 4.720295195732211457e-01
2.000000000000000111e-01 6.500000000000000222e-01 1.000000000000000000e+00
2.000000000000000111e-01 6.999999999999999556e-01 5.174801502631674044e-01
2.000000000000000111e-01 7.500000000000000000e-01 1.526946770014764032e-01
2.000000000000000111e-01 8.000000000000000444e-01 3.967859517910346523e-02
2.000000000000000111e-01 8.499999999999999778e-01 1.817304644497520424e-02
2.000000000000000111e-01 9.000000000000000222e-01 1.406892350995820121e-02
2.000000000000000111e-01 9.499999999999999556e-01 9.797619656284228817e-03
2.000000000000000111e-01 1.000000000000000000e+00 7.339048058486008497e-03
2.000000000000000111e-01 1.050000000000000044e+00 6.615200017274133412e-03
2.000000000000000111e-01 1.100000000000000089e+00 5.417908883354564768e-03
2.000000000000000111e-01 1.149999999999999911e+00 4.837293766419238292e-03
2.000000000000000111e-01 1.199999999999999956e+00 3.868928518607475751e-03
2.000000000000000111e-01 1.250000000000000000e+00 4.496802314338532898e-03
2.000000000000000111e-01 1.300000000000000044e+00 4.183740277554017124e-03
2.000000000000000111e-01 1.350000000000000089e+00 4.772969363095278840e-03
2.000000000000000111e-01 1.399999999999999911e+00 4.488947110631631536e-03
2.000000000000000111e-01 1.449999999999999956e+00 4.166507132392972303e-03
2.000000000000000111e-01 1.500000000000000000e+00 4.030001332638370043e-03
2.000000000000000111e-01 1.550000000000000044e+00 3.806050203616466194e-03
2.000000000000000111e-01 1.600000000000000089e+00 4.392371525646318955e-03
2.000000000000000111e-01 1.649999999999999911e+00 3.813003107810740942e-03
2.000000000000000111e-01 1.699999999999999956e+00 3.307704668280284262e-03
2.000000000000000111e-01 1.750000000000000000e+00 3.550884149376801538e-03
2.000000000000000111e-01 1.800000000000000044e+00 3.628253600381115603e-03
2.000000000000000111e-01 1.850000000000000089e+00 3.914665164833353028e-03
2.000000000000000111e-01 1.899999999999999911e+00 4.714534455660451470e-03
2.000000000000000111e-01 1.949999999999999956e+00 4.389444580822445853e-03
2.000000000000000111e-01 2.000000000000000000e+00 4.412222354685735141e-03
2.000000000000000111e-01 2.049999999999999822e+00 4.944978358335727457e-03
2.000000000000000111e-01 2.100000000000000089e+00 5.142021431186496322e-03
2.000000000000000111e-01 2.149999999999999911e+00 5.447675801412238568e-03
2.000000000000000111e-01 2.200000000000000178e+00 5.598992972711526461e-03
2.000000000000000111e-01 2.250000000000000000e+00 6.076762023670512908e-03
2.000000000000000111e-01 2.299999999999999822e+00 5.964568939340794337e-03
2.000000000000000111e-01 2.350000000000000089e+00 4.233545182550715880e-03
2.000000000000000111e-01 2.399999999999999911e+00 7.011250302250706355e-03
2.000000000000000111e-01 2.450000000000000178e+00 5.712847985293730349e-03
2.000000000000000111e-01 2.500000000000000000e+00 8.066010141569419575e-03
2.000000000000000111e-01 2.549999999999999822e+00 8.649872009804545486e-03
2.000000000000000111e-01 2.600000000000000089e+00 1.064475695881614802e-02
2.000000000000000111e-01 2.649999999999999911e+00 9.742899746869829181e-03
2.000000000000000111e-01 2.700000000000000178e+00 1.093670841983248286e-02
2.000000000000000111e-01 2.750000000000000000e+00 9.501024590300229111e-03
2.000000000000000111e-01 2.799999999999999822e+00 1.760734028684448130e-02
2.000000000000000111e-01 2.850000000000000089e+00 1.165812382003708972e-02
2.000000000000000111e-01 2.899999999999999911e+00 7.518222584610213290e-03
2.000000000000000111e-01 2.950000000000000178e+00 6.503455389198376652e-03
2.000000000000000111e-01 3.000000000000000000e+00 6.234052340120034910e-03
2.000000000000000111e-01 3.049999999999999822e+00 7.057948287472660780e-03
2.000000000000000111e-01 3.100000000000000089e+00 6.248341507104675230e-03
2.000000000000000111e-01 3.149999999999999911e+00 5.402437415814588875e-03
2.000000000000000111e-01 3.200000000000000178e+00 5.032453294007371500e-03
2.000000000000000111e-01 3.250000000000000000e+00 4.564945273820358689e-03
2.000000000000000111e-01 3.299999999999999822e+00 3.945107277232179702e-03
2.000000000000000111e-01 3.350000000000000089e+00 3.640824113188693197e-03
2.000000000000000111e-01 3.399999999999999911e+00 5.966068299809950889e-03
2.000000000000000111e-01 3.450000000000000178e+00 3.278261027779648135e-03
2.000000000000000111e-01 3.500000000000000000e+00 2.192166689716066978e-03
2.000000000000000111e-01 3.549999999999999822e+00 1.817003270911174981e-03
2.000000000000000111e-01 3.600000000000000089e+00 3.263910766192294581e-03
2.000000000000000111e-01 3.649999999999999911e+00 2.344338516624139973e-02
2.000000000000000111e-01 3.700000000000000178e+00 1.002035836449602542e-02
2.000000000000000111e-01 3.750000000000000000e+00 7.402803262962879237e-03
2.000000000000000111e-01 3.799999999999999822e+00 1.585883060020259680e-02
2.000000000000000111e-01 3.850000000000000089e+00 1.051091712860773540e-02
2.000000000000000111e-01 3.899999999999999911e+00 9.472229683130958464e-03
2.000000000000000111e-01 3.950000000000000178e+00 1.246896687053597810e-02
2.000000000000000111e-01 4.000000000000000000e+00 0.000000000000000000e+00
