5.999999999999999778e-01 5.000000000000000278e-02 1.527495460512493931e-06
5.999999999999999778e-01 1.000000000000000056e-01 1.567449364801189981e-06
5.999999999999999778e-01 1.499999999999999944e-01 1.605133247208110807e-06
5.999999999999999778e-01 2.000000000000000111e-01 1.644236770196283839e-06
5.999999999999999778e-01 2.500000000000000000e-01 1.673411806796840092e-06
5.999999999999999778e-01 2.999999999999999889e-01 1.700241522625591323e-06
5.999999999999999778e-01 3.499999999999999778e-01 1.739964235344175355e-06
5.999999999999999778e-01 4.000000000000000222e-01 1.787223813927699600e-06
5.999999999999999778e-01 4.500000000000000111e-01 1.837438869648465602e-06
5.999999999999999778e-01 5.000000000000000000e-01 1.893942379551758405e-06
5.999999999999999778e-01 5.500000000000000444e-01 1.963199643464711688e-06
5.999999999999999778e-01 5.999999999999999778e-01 2.048389987995059942e-06
5.999999999999999778e-01 6.500000000000000222e-01 2.158099298330012007e-06
5.999999999999999778e-01 6.999999999999999556e-01 2.317469762747888213e-06
5.999999999999999778e-01 7.500000000000000000e-01 2.670853982646697224e-06
5.999999999999999778e-01 8.000000000000000444e-01 3.878792093270079885e-06
5.999999999999999778e-01 8.499999999999999778e-01 8.871452867821900544e-06
5.999999999999999778e-01 9.000000000000000222e-01 7.066264556994627773e-05
5.999999999999999778e-01 9.499999999999999556e-01 1.146268277102818756e-03
5.999999999999999778e-01 1.000000000000000000e+00 1.678056994617206773e-03
5.999999999999999778e-01 1.050000000000000044e+00 2.063026293161813757e-03
5.999999999999999778e-01 1.100000000000000089e+00 2.494494196751369849e-03
5.999999999999999778e-01 1.149999999999999911e+00 2.825080492286256677e-03
5.999999999999999778e-01 1.199999999999999956e+00 3.475708925811954106e-03
5.999999999999999778e-01 1.250000000000000000e+00 5.359581544290417839e-03
5.999999999999999778e-01 1.300000000000000044e+00 8.196333929381429545e-03
5.999999999999999778e-01 1.350000000000000089e+00 1.269292491093253553e-02
5.999999999999999778e-01 1.399999999999999911e+00 2.081342535142564898e-02
5.999999999999999778e-01 1.449999999999999956e+00 3.641317195643743038e-02
5.999999999999999778e-01 1.500000000000000000e+00 5.807892222180812553e-02
5.999999999999999778e-01 1.550000000000000044e+00 1.257099412476305467e-01
5.999999999999999778e-01 1.600000000000000089e+00 3.451215039256028128e-01
5.999999999999999778e-01 1.649999999999999911e+00 6.554483247282452130e-01
5.999999999999999778e-01 1.699999999999999956e+00 1.000000000000000000e+00
5.999999999999999778e-01 1.750000000000000000e+00 6.465624955967319565e-01
5.999999999999999778e-01 1.800000000000000044e+00 2.586899376409296791e-01
5.999999999999999778e-01 1.850000000000000089e+00 1.387318731414077799e-01
5.999999999999999778e-01 1.899999999999999911e+00 7.459647508092635826e-02
5.999999999999999778e-01 1.949999999999999956e+00 3.750181699373384553e-02
5.999999999999999778e-01 2.000000000000000000e+00 2.263779250803430246e-02
5.999999999999999778e-01 2.049999999999999822e+00 1.771931067251543770e-02
5.999999999999999778e-01 2.100000000000000089e+00 1.400380870224771264e-02
5.999999999999999778e-01 2.149999999999999911e+00 1.189931645331645214e-02
5.999999999999999778e-01 2.200000000000000178e+00 1.054407476241115034e-02
5.999999999999999778e-01 2.250000000000000000e+00 9.579494809121350679e-03
5.999999999999999778e-01 2.299999999999999822e+00 9.041939990211265987e-03
5.999999999999999778e-01 2.350000000000000089e+00 8.584856372527286880e-03
5.999999999999999778e-01 2.399999999999999911e+00 8.052875812316409587e-03
5.999999999999999778e-01 2.450000000000000178e+00 7.420297641597795903e-03
5.999999999999999778e-01 2.500000000000000000e+00 6.828936447220223388e-03
5.999999999999999778e-01 2.549999999999999822e+00 6.321404237883043210e-03
5.999999999999999778e-01 2.600000000000000089e+00 5.881177174745629010e-03
5.999999999999999778e-01 2.649999999999999911e+00 5.427304293302945282e-03
5.999999999999999778e-01 2.700000000000000178e+00 5.056611797614691227e-03
5.999999999999999778e-01 2.750000000000000000e+00 4.861293129572645186e-03
5.999999999999999778e-01 2.799999999999999822e+00 4.699161263021212759e-03
5.999999999999999778e-01 2.850000000000000089e+00 4.785598304795831218e-03
5.999999999999999778e-01 2.899999999999999911e+00 5.055318751235020856e-03
5.999999999999999778e-01 2.950000000000000178e+00 5.100996880282941161e-03
5.999999999999999778e-01 3.000000000000000000e+00 5.166057738392325523e-03
5.999999999999999778e-01 3.049999999999999822e+00 5.545609083806779180e-03
5.999999999999999778e-01 3.100000000000000089e+00 5.965798580364602317e-03
5.999999999999999778e-01 3.149999999999999911e+00 6.898864841046863441e-03
5.999999999999999778e-01 3.200000000000000178e+00 8.599496120984871303e-03
5.999999999999999778e-01 3.250000000000000000e+00 9.845729764620598720e-03
5.999999999999999778e-01 3.299999999999999822e+00 8.136159808773919810e-03
5.999999999999999778e-01 3.350000000000000089e+00 4.071405401828821248e-03
5.999999999999999778e-01 3.399999999999999911e+00 2.537826926066438348e-03
5.999999999999999778e-01 3.450000000000000178e+00 1.577102763529309153e-03
5.999999999999999778e-01 3.500000000000000000e+00 1.059033838552427388e-03
5.999999999999999778e-01 3.549999999999999822e+00 9.603064068079230318e-04
5.999999999999999778e-01 3.600000000000000089e+00 1.323819784631541981e-03
5.999999999999999778e-01 3.649999999999999911e+00 1.269109798855333482e-03
5.999999999999999778e-01 3.700000000000000178e+00 1.107663055035263289e-03
5.999999999999999778e-01 3.750000000000000000e+00 9.665962572429859321e-04
5.999999999999999778e-01 3.799999999999999822e+00 8.535972958040434705e-04
5.999999999999999778e-01 3.850000000000000089e+00 7.745851169737097419e-04
5.999999999999999778e-01 3.899999999999999911e+00 7.622840840591080984e-04
5.999999999999999778e-01 3.950000000000000178e+00 7.479454164955341017e-04
5.999999999999999778e-01 4.000000000000000000e+00 0.000000000000000000e+00
1.000000000000000000e+00 5.000000000000000278e-02 1.671111897918335487e-09
1.000000000000000000e+00 1.000000000000000056e-01 1.737963089971810281e-09
1.000000000000000000e+00 1.499999999999999944e-01 1.809164254490942316e-09
1.000000000000000000e+00 2.000000000000000111e-01 1.882676283236382124e-09
1.000000000000000000e+00 2.500000000000000000e-01 1.959338298863462373e-09
1.000000000000000000e+00 2.999999999999999889e-01 2.039425371715695954e-09
1.000000000000000000e+00 3.499999999999999778e-01 2.123031401154416458e-09
1.000000000000000000e+00 4.000000000000000222e-01 2.210851904528063867e-09
1.000000000000000000e+00 4.500000000000000111e-01 2.302490049913108805e-09
1.000000000000000000e+00 5.000000000000000000e-01 2.400169065235269881e-09
1.000000000000000000e+00 5.500000000000000444e-01 2.501749865172118179e-09
1.000000000000000000e+00 5.999999999999999778e-01 2.608640670663048216e-09
1.000000000000000000e+00 6.500000000000000222e-01 2.721752707677526142e-09
1.000000000000000000e+00 6.999999999999999556e-01 2.839918747721224394e-09
1.000000000000000000e+00 7.500000000000000000e-01 2.963292663498525525e-09
1.000000000000000000e+00 8.000000000000000444e-01 3.097697771971879008e-09
1.000000000000000000e+00 8.499999999999999778e-01 3.224974118979821225e-09
1.000000000000000000e+00 9.000000000000000222e-01 3.372990389581804606e-09
1.000000000000000000e+00 9.499999999999999556e-01 3.523710908295012163e-09
1.000000000000000000e+00 1.000000000000000000e+00 3.681569063935405324e-09
1.000000000000000000e+00 1.050000000000000044e+00 3.849524772863087281e-09
1.000000000000000000e+00 1.100000000000000089e+00 4.022986024359056575e-09
1.000000000000000000e+00 1.149999999999999911e+00 4.202983900766400518e-09
1.000000000000000000e+00 1.199999999999999956e+00 4.399001483188886504e-09
1.000000000000000000e+00 1.250000000000000000e+00 4.576868812563333879e-09
1.000000000000000000e+00 1.300000000000000044e+00 4.812314187548888227e-09
1.000000000000000000e+00 1.350000000000000089e+00 5.005973361804496893e-09
1.000000000000000000e+00 1.399999999999999911e+00 5.215485423465820196e-09
1.000000000000000000e+00 1.449999999999999956e+00 5.402832838906316973e-09
1.000000000000000000e+00 1.500000000000000000e+00 5.582136966281444572e-09
1.000000000000000000e+00 1.550000000000000044e+00 5.703244018157037836e-09
1.000000000000000000e+00 1.600000000000000089e+00 5.703381999817623242e-09
1.000000000000000000e+00 1.649999999999999911e+00 5.389679600395167568e-09
1.000000000000000000e+00 1.699999999999999956e+00 8.401344334825647946e-09
1.000000000000000000e+00 1.750000000000000000e+00 1.126064610104352613e-07
1.000000000000000000e+00 1.800000000000000044e+00 5.335509978737384932e-06
1.000000000000000000e+00 1.850000000000000089e+00 1.124084759129846007e-05
1.000000000000000000e+00 1.899999999999999911e+00 1.458508922054412696e-05
1.000000000000000000e+00 1.949999999999999956e+00 1.884851008175962643e-05
1.000000000000000000e+00 2.000000000000000000e+00 2.286665619925708635e-05
1.000000000000000000e+00 2.049999999999999822e+00 2.787609849537757675e-05
1.000000000000000000e+00 2.100000000000000089e+00 3.398292306235000624e-05
1.000000000000000000e+00 2.149999999999999911e+00 4.145890650334644917e-05
1.000000000000000000e+00 2.200000000000000178e+00 5.200813237902129947e-05
1.000000000000000000e+00 2.250000000000000000e+00 6.678962870312756363e-05
1.000000000000000000e+00 2.299999999999999822e+00 8.961886620565499557e-05
1.000000000000000000e+00 2.350000000000000089e+00 1.190898214891823812e-04
1.000000000000000000e+00 2.399999999999999911e+00 1.696186491783102711e-04
1.000000000000000000e+00 2.450000000000000178e+00 8.159366683388271646e-01
1.000000000000000000e+00 2.500000000000000000e+00 1.000000000000000000e+00
1.000000000000000000e+00 2.549999999999999822e+00 1.526289427839623098e-11
1.000000000000000000e+00 2.600000000000000089e+00 8.003065645958293805e-13
1.000000000000000000e+00 2.649999999999999911e+00 1.127549195913485031e-11
1.000000000000000000e+00 2.700000000000000178e+00 1.092516613840308390e-12
1.000000000000000000e+00 2.750000000000000000e+00 6.707941254447298704e-12
1.000000000000000000e+00 2.799999999999999822e+00 9.070960921290186316e-13
1.000000000000000000e+00 2.850000000000000089e+00 2.209079531580457691e-13
1.000000000000000000e+00 2.899999999999999911e+00 1.572332609312742398e-11
1.000000000000000000e+00 2.950000000000000178e+00 3.096679169331248076e-11
1.000000000000000000e+00 3.000000000000000000e+00 5.518790635313873236e-12
1.000000000000000000e+00 3.049999999999999822e+00 1.617003415753602734e-13
1.000000000000000000e+00 3.100000000000000089e+00 4.692245594025453572e-13
1.000000000000000000e+00 3.149999999999999911e+00 1.156248286493720110e-12
1.000000000000000000e+00 3.200000000000000178e+00 1.184041622090171870e-12
1.000000000000000000e+00 3.250000000000000000e+00 2.476259078809856641e-12
1.000000000000000000e+00 3.299999999999999822e+00 3.808980709839471706e-14
1.000000000000000000e+00 3.350000000000000089e+00 5.426150182316422673e-14
1.000000000000000000e+00 3.399999999999999911e+00 3.249442536855969677e-14
1.000000000000000000e+00 3.450000000000000178e+00 5.809692474627685392e-14
1.000000000000000000e+00 3.500000000000000000e+00 6.561264284967391629e-14
1.000000000000000000e+00 3.549999999999999822e+00 1.641050177997775176e-14
1.000000000000000000e+00 3.600000000000000089e+00 6.438072422257287287e-15
1.000000000000000000e+00 3.649999999999999911e+00 2.098984461383798684e-14
1.000000000000000000e+00 3.700000000000000178e+00 1.653738585693494274e-14
1.000000000000000000e+00 3.750000000000000000e+00 3.793747411019519810e-14
1.000000000000000000e+00 3.799999999999999822e+00 2.275334882195462126e-14
1.000000000000000000e+00 3.850000000000000089e+00 8.971753915600595285e-15
1.000000000000000000e+00 3.899999999999999911e+00 1.603959596183876505e-15
1.000000000000000000e+00 3.950000000000000178e+00 1.201717873211560858e-14
1.000000000000000000e+00 4.000000000000000000e+00 0.000000000000000000e+00
1.000000000000000056e-01 5.000000000000000278e-02 7.460004115701745174e-03
1.000000000000000056e-01 1.000000000000000056e-01 2.141102858351921420e-02
1.000000000000000056e-01 1.499999999999999944e-01 5.188386580394054731e-02
1.000000000000000056e-01 2.000000000000000111e-01 6.171166223717040877e-02
1.000000000000000056e-01 2.500000000000000000e-01 1.164934989747098554e-01
1.000000000000000056e-01 2.999999999999999889e-01 5.447953172562209900e-01
1.000000000000000056e-01 3.499999999999999778e-01 1.000000000000000000e+00
1.000000000000000056e-01 4.000000000000000222e-01 1.875215695875651345e-01
1.000000000000000056e-01 4.500000000000000111e-01 4.986167314097987580e-02
1.000000000000000056e-01 5.000000000000000000e-01 1.544534232948541717e-02
1.000000000000000056e-01 5.500000000000000444e-01 6.052604075586148075e-03
1.000000000000000056e-01 5.999999999999999778e-01 3.418620016048747219e-03
1.000000000000000056e-01 6.500000000000000222e-01 2.206970430577818564e-03
1.000000000000000056e-01 6.999999999999999556e-01 1.511454149984020178e-03
1.000000000000000056e-01 7.500000000000000000e-01 1.136443051483004276e-03
1.000000000000000056e-01 8.000000000000000444e-01 1.013134704567840438e-03
1.000000000000000056e-01 8.499999999999999778e-01 9.499375249420294971e-04
1.000000000000000056e-01 9.000000000000000222e-01 8.991259785576182590e-04
1.000000000000000056e-01 9.499999999999999556e-01 8.115446638904094245e-04
1.000000000000000056e-01 1.000000000000000000e+00 7.247384154540256187e-04
1.000000000000000056e-01 1.050000000000000044e+00 7.067568031528435012e-04
1.000000000000000056e-01 1.100000000000000089e+00 6.955189895389443872e-04
1.000000000000000056e-01 1.149999999999999911e+00 6.697298724975930383e-04
1.000000000000000056e-01 1.199999999999999956e+00 6.587406495187186472e-04
1.000000000000000056e-01 1.250000000000000000e+00 6.478419871186569083e-04
1.000000000000000056e-01 1.300000000000000044e+00 6.233739114318568360e-04
1.000000000000000056e-01 1.350000000000000089e+00 6.155368781288406621e-04
1.000000000000000056e-01 1.399999999999999911e+00 6.227518542858350532e-04
1.000000000000000056e-01 1.449999999999999956e+00 6.372751754880429066e-04
1.000000000000000056e-01 1.500000000000000000e+00 6.718259729489127604e-04
1.000000000000000056e-01 1.550000000000000044e+00 7.299438168746589942e-04
1.000000000000000056e-01 1.600000000000000089e+00 8.026636158745969899e-04
1.000000000000000056e-01 1.649999999999999911e+00 8.831677436027301955e-04
1.000000000000000056e-01 1.699999999999999956e+00 9.915883511800887597e-04
1.000000000000000056e-01 1.750000000000000000e+00 1.084080192050909100e-03
1.000000000000000056e-01 1.800000000000000044e+00 1.119508234387432818e-03
1.000000000000000056e-01 1.850000000000000089e+00 1.129008422652791159e-03
1.000000000000000056e-01 1.899999999999999911e+00 1.160332687500790485e-03
1.000000000000000056e-01 1.949999999999999956e+00 1.265491813606825239e-03
1.000000000000000056e-01 2.000000000000000000e+00 1.350765218274691589e-03
1.000000000000000056e-01 2.049999999999999822e+00 1.354609574710448827e-03
1.000000000000000056e-01 2.100000000000000089e+00 1.379032848723336707e-03
1.000000000000000056e-01 2.149999999999999911e+00 1.411709792713208801e-03
1.000000000000000056e-01 2.200000000000000178e+00 1.462746382505559139e-03
1.000000000000000056e-01 2.250000000000000000e+00 1.505324405368717268e-03
1.000000000000000056e-01 2.299999999999999822e+00 1.554964010909650829e-03
1.000000000000000056e-01 2.350000000000000089e+00 1.600729573392159011e-03
1.000000000000000056e-01 2.399999999999999911e+00 1.654517912400500735e-03
1.000000000000000056e-01 2.450000000000000178e+00 1.709700703291276973e-03
1.000000000000000056e-01 2.500000000000000000e+00 1.810612438824180190e-03
1.000000000000000056e-01 2.549999999999999822e+00 1.907810854509534547e-03
1.000000000000000056e-01 2.600000000000000089e+00 1.933295055798820014e-03
1.000000000000000056e-01 2.649999999999999911e+00 1.928585653317491273e-03
1.000000000000000056e-01 2.700000000000000178e+00 1.928879644677824242e-03
1.000000000000000056e-01 2.750000000000000000e+00 1.886982439712451718e-03
1.000000000000000056e-01 2.799999999999999822e+00 1.857897372981412746e-03
1.000000000000000056e-01 2.850000000000000089e+00 1.801169701154449639e-03
1.000000000000000056e-01 2.899999999999999911e+00 1.638482682775553459e-03
1.000000000000000056e-01 2.950000000000000178e+00 1.458790897054043200e-03
1.000000000000000056e-01 3.000000000000000000e+00 1.273739332462564067e-03
1.000000000000000056e-01 3.049999999999999822e+00 1.191661305354981210e-03
1.000000000000000056e-01 3.100000000000000089e+00 1.125948085420275550e-03
1.000000000000000056e-01 3.149999999999999911e+00 1.049370441253266121e-03
1.000000000000000056e-01 3.200000000000000178e+00 9.637106270537005226e-04
1.000000000000000056e-01 3.250000000000000000e+00 8.864985632142932323e-04
1.000000000000000056e-01 3.299999999999999822e+00 8.189689324911490721e-04
1.000000000000000056e-01 3.350000000000000089e+00 7.643993093161710085e-04
1.000000000000000056e-01 3.399999999999999911e+00 7.124785837881301466e-04
1.000000000000000056e-01 3.450000000000000178e+00 6.657047046538134161e-04
1.000000000000000056e-01 3.500000000000000000e+00 6.218149365088587906e-04
1.000000000000000056e-01 3.549999999999999822e+00 5.890791269017203085e-04
1.000000000000000056e-01 3.600000000000000089e+00 5.616819885756206337e-04
1.000000000000000056e-01 3.649999999999999911e+00 5.324379943192337995e-04
1.000000000000000056e-01 3.700000000000000178e+00 4.952536283211657906e-04
1.000000000000000056e-01 3.750000000000000000e+00 4.596122121399334173e-04
1.000000000000000056e-01 3.799999999999999822e+00 4.402424243862651477e-04
1.000000000000000056e-01 3.850000000000000089e+00 4.221018788773321607e-04
1.000000000000000056e-01 3.899999999999999911e+00 3.975876142108391176e-04
1.000000000000000056e-01 3.950000000000000178e+00 3.688916891487381187e-04
1.000000000000000056e-01 4.000000000000000000e+00 0.000000000000000000e+00
5.000000000000000000e-01 5.000000000000000278e-02 1.923001725537354166e-06
5.000000000000000000e-01 1.000000000000000056e-01 1.950642853557366236e-06
5.000000000000000000e-01 1.499999999999999944e-01 1.980341237669377842e-06
5.000000000000000000e-01 2.000000000000000111e-01 2.010417225285171817e-06
5.000000000000000000e-01 2.500000000000000000e-01 2.042129943691565332e-06
5.000000000000000000e-01 2.999999999999999889e-01 2.075755899956009136e-06
5.000000000000000000e-01 3.499999999999999778e-01 2.113172021283454482e-06
5.000000000000000000e-01 4.000000000000000222e-01 2.157811245417743455e-06
5.000000000000000000e-01 4.500000000000000111e-01 2.214613311007556854e-06
5.000000000000000000e-01 5.000000000000000000e-01 2.312322068896443218e-06
5.000000000000000000e-01 5.500000000000000444e-01 2.709168004043430573e-06
5.000000000000000000e-01 5.999999999999999778e-01 3.792335735553440128e-06
5.000000000000000000e-01 6.500000000000000222e-01 1.136035083032881591e-05
5.000000000000000000e-01 6.999999999999999556e-01 3.743949975416541046e-04
5.000000000000000000e-01 7.500000000000000000e-01 2.596139515670459804e-03
5.000000000000000000e-01 8.000000000000000444e-01 3.542607129985749295e-03
5.000000000000000000e-01 8.499999999999999778e-01 4.399071804579039735e-03
5.000000000000000000e-01 9.000000000000000222e-01 4.743624872541205191e-03
5.000000000000000000e-01 9.499999999999999556e-01 5.408400776216582169e-03
5.000000000000000000e-01 1.000000000000000000e+00 6.849305915506892495e-03
5.000000000000000000e-01 1.050000000000000044e+00 1.056722408401478477e-02
5.000000000000000000e-01 1.100000000000000089e+00 1.598825469281880268e-02
5.000000000000000000e-01 1.149999999999999911e+00 2.351040369854015891e-02
5.000000000000000000e-01 1.199999999999999956e+00 3.700721335107660243e-02
5.000000000000000000e-01 1.250000000000000000e+00 5.662259981914807838e-02
5.000000000000000000e-01 1.300000000000000044e+00 1.017789285554048379e-01
5.000000000000000000e-01 1.350000000000000089e+00 2.368357590927394341e-01
5.000000000000000000e-01 1.399999999999999911e+00 4.816865632386925222e-01
5.000000000000000000e-01 1.449999999999999956e+00 9.230373260233718513e-01
5.000000000000000000e-01 1.500000000000000000e+00 1.000000000000000000e+00
5.000000000000000000e-01 1.550000000000000044e+00 4.331695251005390768e-01
5.000000000000000000e-01 1.600000000000000089e+00 1.541448199144034026e-01
5.000000000000000000e-01 1.649999999999999911e+00 6.326239965730537373e-02
5.000000000000000000e-01 1.699999999999999956e+00 3.422228491287612057e-02
5.000000000000000000e-01 1.750000000000000000e+00 2.066088937041277857e-02
5.000000000000000000e-01 1.800000000000000044e+00 1.625393634933728834e-02
5.000000000000000000e-01 1.850000000000000089e+00 1.224487589347303743e-02
5.000000000000000000e-01 1.899999999999999911e+00 9.065411207421590969e-03
5.000000000000000000e-01 1.949999999999999956e+00 6.935901882676585861e-03
5.000000000000000000e-01 2.000000000000000000e+00 6.348894969886355148e-03
5.000000000000000000e-01 2.049999999999999822e+00 5.985972636445775416e-03
5.000000000000000000e-01 2.100000000000000089e+00 5.906426375583085676e-03
5.000000000000000000e-01 2.149999999999999911e+00 6.055852862959430934e-03
5.000000000000000000e-01 2.200000000000000178e+00 6.072280040022725797e-03
5.000000000000000000e-01 2.250000000000000000e+00 6.104930497303724841e-03
5.000000000000000000e-01 2.299999999999999822e+00 6.215888741770832400e-03
5.000000000000000000e-01 2.350000000000000089e+00 6.233191419611271850e-03
5.000000000000000000e-01 2.399999999999999911e+00 6.131819512610671950e-03
5.000000000000000000e-01 2.450000000000000178e+00 6.086347491466856559e-03
5.000000000000000000e-01 2.500000000000000000e+00 6.042715488223692095e-03
5.000000000000000000e-01 2.549999999999999822e+00 6.019021022690778343e-03
5.000000000000000000e-01 2.600000000000000089e+00 6.011269234434494894e-03
5.000000000000000000e-01 2.649999999999999911e+00 5.957605405845378503e-03
5.000000000000000000e-01 2.700000000000000178e+00 5.841134490924822058e-03
5.000000000000000000e-01 2.750000000000000000e+00 5.785546040603933328e-03
5.000000000000000000e-01 2.799999999999999822e+00 5.750725232545328414e-03
5.000000000000000000e-01 2.850000000000000089e+00 5.746046190740784591e-03
5.000000000000000000e-01 2.899999999999999911e+00 5.941529959830440903e-03
5.000000000000000000e-01 2.950000000000000178e+00 6.460695774113768552e-03
5.000000000000000000e-01 3.000000000000000000e+00 7.097784266030198949e-03
5.000000000000000000e-01 3.049999999999999822e+00 7.889712485182946017e-03
5.000000000000000000e-01 3.100000000000000089e+00 9.095998400430262837e-03
5.000000000000000000e-01 3.149999999999999911e+00 1.032178368892261791e-02
5.000000000000000000e-01 3.200000000000000178e+00 1.082485108343942022e-02
5.000000000000000000e-01 3.250000000000000000e+00 1.052769499356363998e-02
5.000000000000000000e-01 3.299999999999999822e+00 7.283231172048852849e-03
5.000000000000000000e-01 3.350000000000000089e+00 4.646691974493311235e-03
5.000000000000000000e-01 3.399999999999999911e+00 3.403790154914204148e-03
5.000000000000000000e-01 3.450000000000000178e+00 2.516819901592885420e-03
5.000000000000000000e-01 3.500000000000000000e+00 2.048496836980658736e-03
5.000000000000000000e-01 3.549999999999999822e+00 1.569676412053793964e-03
5.000000000000000000e-01 3.600000000000000089e+00 1.065176287709142895e-03
5.000000000000000000e-01 3.649999999999999911e+00 1.714675120212493745e-03
5.000000000000000000e-01 3.700000000000000178e+00 1.576962907751172519e-03
5.000000000000000000e-01 3.750000000000000000e+00 1.402304422893040081e-03
5.000000000000000000e-01 3.799999999999999822e+00 1.265313539907298238e-03
5.000000000000000000e-01 3.850000000000000089e+00 1.152812941228970435e-03
5.000000000000000000e-01 3.899999999999999911e+00 1.055306295856600716e-03
5.000000000000000000e-01 3.950000000000000178e+00 9.722365023822399956e-04
5.000000000000000000e-01 4.000000000000000000e+00 0.000000000000000000e+00
9.000000000000000222e-01 5.000000000000000278e-02 4.605079742409629220e-08
9.000000000000000222e-01 1.000000000000000056e-01 4.718976387177056591e-08
9.000000000000000222e-01 1.499999999999999944e-01 4.836296034353050540e-08
9.000000000000000222e-01 2.000000000000000111e-01 4.957068291414707892e-08
9.000000000000000222e-01 2.500000000000000000e-01 5.081371292132408462e-08
9.000000000000000222e-01 2.999999999999999889e-01 5.209570017172101012e-08
9.000000000000000222e-01 3.499999999999999778e-01 5.341188896358673829e-08
9.000000000000000222e-01 4.000000000000000222e-01 5.477516693796803454e-08
9.000000000000000222e-01 4.500000000000000111e-01 5.617394348190700978e-08
9.000000000000000222e-01 5.000000000000000000e-01 5.762044479731074183e-08
9.000000000000000222e-01 5.500000000000000444e-01 5.909042452882553676e-08
9.000000000000000222e-01 5.999999999999999778e-01 6.063461004161655652e-08
9.000000000000000222e-01 6.500000000000000222e-01 6.222374931523052889e-08
9.000000000000000222e-01 6.999999999999999556e-01 6.384517815774429319e-08
9.000000000000000222e-01 7.500000000000000000e-01 6.552864207349322631e-08
9.000000000000000222e-01 8.000000000000000444e-01 6.725820842779805902e-08
9.000000000000000222e-01 8.499999999999999778e-01 6.904347902097767958e-08
9.000000000000000222e-01 9.000000000000000222e-01 7.089311227236257820e-08
9.000000000000000222e-01 9.499999999999999556e-01 7.283475948858406496e-08
9.000000000000000222e-01 1.000000000000000000e+00 7.483230118749160115e-08
9.000000000000000222e-01 1.050000000000000044e+00 7.686801137437851479e-08
9.000000000000000222e-01 1.100000000000000089e+00 7.895129373546624823e-08
9.000000000000000222e-01 1.149999999999999911e+00 8.112230969947476466e-08
9.000000000000000222e-01 1.199999999999999956e+00 8.336720652954017078e-08
9.000000000000000222e-01 1.250000000000000000e+00 8.571630021833899565e-08
9.000000000000000222e-01 1.300000000000000044e+00 8.819767427236258592e-08
9.000000000000000222e-01 1.350000000000000089e+00 9.083676441115808981e-08
9.000000000000000222e-01 1.399999999999999911e+00 9.375768997150395742e-08
9.000000000000000222e-01 1.449999999999999956e+00 9.710291835169040875e-08
9.000000000000000222e-01 1.500000000000000000e+00 1.014928103255188843e-07
9.000000000000000222e-01 1.550000000000000044e+00 1.116876545896443205e-07
9.000000000000000222e-01 1.600000000000000089e+00 1.799021819798959619e-05
9.000000000000000222e-01 1.649999999999999911e+00 3.834975959274423529e-05
9.000000000000000222e-01 1.699999999999999956e+00 4.537222446889227734e-05
9.000000000000000222e-01 1.750000000000000000e+00 5.516291928256484336e-05
9.000000000000000222e-01 1.800000000000000044e+00 6.951077983928558534e-05
9.000000000000000222e-01 1.850000000000000089e+00 9.846558860223283114e-05
9.000000000000000222e-01 1.899999999999999911e+00 1.479717275084687473e-04
9.000000000000000222e-01 1.949999999999999956e+00 2.273571736147507211e-04
9.000000000000000222e-01 2.000000000000000000e+00 3.325869669440462660e-04
9.000000000000000222e-01 2.049999999999999822e+00 5.658636258120985398e-04
9.000000000000000222e-01 2.100000000000000089e+00 1.156451592792022030e-03
9.000000000000000222e-01 2.149999999999999911e+00 3.189454441797360835e-03
9.000000000000000222e-01 2.200000000000000178e+00 1.176663801381169598e-02
9.000000000000000222e-01 2.250000000000000000e+00 8.547991657883365069e-02
9.000000000000000222e-01 2.299999999999999822e+00 1.000000000000000000e+00
9.000000000000000222e-01 2.350000000000000089e+00 4.891102282025301395e-01
9.000000000000000222e-01 2.399999999999999911e+00 7.580813528017166236e-02
9.000000000000000222e-01 2.450000000000000178e+00 2.026711618034873069e-02
9.000000000000000222e-01 2.500000000000000000e+00 8.302282465660263192e-03
9.000000000000000222e-01 2.549999999999999822e+00 4.160935000800273197e-03
9.000000000000000222e-01 2.600000000000000089e+00 2.498763400859741867e-03
9.000000000000000222e-01 2.649999999999999911e+00 1.481073428999272589e-03
9.000000000000000222e-01 2.700000000000000178e+00 7.857664958296056972e-04
9.000000000000000222e-01 2.750000000000000000e+00 4.829130243500755204e-04
9.000000000000000222e-01 2.799999999999999822e+00 3.249645232089318691e-04
9.000000000000000222e-01 2.850000000000000089e+00 2.333765180553734847e-04
9.000000000000000222e-01 2.899999999999999911e+00 1.684276238284014170e-04
9.000000000000000222e-01 2.950000000000000178e+00 1.243535276630655922e-04
9.000000000000000222e-01 3.000000000000000000e+00 9.251828351783756828e-05
9.000000000000000222e-01 3.049999999999999822e+00 6.826989897179601766e-05
9.000000000000000222e-01 3.100000000000000089e+00 5.192947822507061785e-05
9.000000000000000222e-01 3.149999999999999911e+00 4.128301751260930058e-05
9.000000000000000222e-01 3.200000000000000178e+00 3.297810803159736856e-05
9.000000000000000222e-01 3.250000000000000000e+00 2.661180328902685546e-05
9.000000000000000222e-01 3.299999999999999822e+00 3.778594096492134921e-05
9.000000000000000222e-01 3.350000000000000089e+00 3.567001256160347284e-05
9.000000000000000222e-01 3.399999999999999911e+00 2.026292695441737860e-05
9.000000000000000222e-01 3.450000000000000178e+00 1.014364959281044120e-05
9.000000000000000222e-01 3.500000000000000000e+00 7.587488216781623597e-06
9.000000000000000222e-01 3.549999999999999822e+00 6.559602551936136039e-06
9.000000000000000222e-01 3.600000000000000089e+00 4.785180765931854768e-06
9.000000000000000222e-01 3.649999999999999911e+00 4.350602398884241328e-06
9.000000000000000222e-01 3.700000000000000178e+00 4.075770616231726335e-06
9.000000000000000222e-01 3.750000000000000000e+00 3.942380270353217340e-06
9.000000000000000222e-01 3.799999999999999822e+00 4.084128590030659361e-06
9.000000000000000222e-01 3.850000000000000089e+00 5.686882473728977707e-06
9.000000000000000222e-01 3.899999999999999911e+00 9.629488887078867988e-06
9.000000000000000222e-01 3.950000000000000178e+00 1.571694820032229240e-05
9.000000000000000222e-01 4.000000000000000000e+00 0.000000000000000000e+00
4.000000000000000222e-01 5.000000000000000278e-02 1.419513620831728954e-06
4.000000000000000222e-01 1.000000000000000056e-01 1.418740612306082351e-06
4.000000000000000222e-01 1.499999999999999944e-01 1.417511885227219130e-06
4.000000000000000222e-01 2.000000000000000111e-01 1.415671152039620621e-06
4.000000000000000222e-01 2.500000000000000000e-01 1.420933215894981280e-06
4.000000000000000222e-01 2.999999999999999889e-01 1.502255686449502996e-06
4.000000000000000222e-01 3.499999999999999778e-01 1.719549621029762320e-06
4.000000000000000222e-01 4.000000000000000222e-01 2.396352028828783714e-06
4.000000000000000222e-01 4.500000000000000111e-01 5.424317057758320044e-06
4.000000000000000222e-01 5.000000000000000000e-01 3.527133508045416613e-04
4.000000000000000222e-01 5.500000000000000444e-01 2.305333161341229561e-03
4.000000000000000222e-01 5.999999999999999778e-01 3.022019488827222978e-03
4.000000000000000222e-01 6.500000000000000222e-01 4.262533069519307619e-03
4.000000000000000222e-01 6.999999999999999556e-01 4.278687530836650446e-03
4.000000000000000222e-01 7.500000000000000000e-01 5.421234777937167411e-03
4.000000000000000222e-01 8.000000000000000444e-01 8.054961007269715451e-03
4.000000000000000222e-01 8.499999999999999778e-01 1.273059957828802380e-02
4.000000000000000222e-01 9.000000000000000222e-01 1.759594439371714447e-02
4.000000000000000222e-01 9.499999999999999556e-01 2.729666544699085526e-02
4.000000000000000222e-01 1.000000000000000000e+00 4.246066892149771843e-02
4.000000000000000222e-01 1.050000000000000044e+00 7.295195716326237367e-02
4.000000000000000222e-01 1.100000000000000089e+00 1.532139956522483859e-01
4.000000000000000222e-01 1.149999999999999911e+00 4.013960488283193628e-01
4.000000000000000222e-01 1.199999999999999956e+00 9.151218119862746248e-01
4.000000000000000222e-01 1.250000000000000000e+00 1.000000000000000000e+00
4.000000000000000222e-01 1.300000000000000044e+00 4.216053150338508471e-01
4.000000000000000222e-01 1.350000000000000089e+00 9.152928217216212137e-02
4.000000000000000222e-01 1.399999999999999911e+00 3.147511963031403986e-02
4.000000000000000222e-01 1.449999999999999956e+00 1.667163746344194411e-02
4.000000000000000222e-01 1.500000000000000000e+00 1.073395625871142317e-02
4.000000000000000222e-01 1.550000000000000044e+00 7.481011747220599716e-03
4.000000000000000222e-01 1.600000000000000089e+00 5.928583144383060485e-03
4.000000000000000222e-01 1.649999999999999911e+00 4.728957494384390843e-03
4.000000000000000222e-01 1.699999999999999956e+00 3.870794311351361244e-03
4.000000000000000222e-01 1.750000000000000000e+00 3.485862149969547793e-03
4.000000000000000222e-01 1.800000000000000044e+00 3.088467173175435052e-03
4.000000000000000222e-01 1.850000000000000089e+00 2.786767833087255321e-03
4.000000000000000222e-01 1.899999999999999911e+00 2.634583231274825049e-03
4.000000000000000222e-01 1.949999999999999956e+00 2.573432239273165580e-03
4.000000000000000222e-01 2.000000000000000000e+00 2.502614831352877392e-03
4.000000000000000222e-01 2.049999999999999822e+00 2.491804399973413138e-03
4.000000000000000222e-01 2.100000000000000089e+00 2.568344102134052266e-03
4.000000000000000222e-01 2.149999999999999911e+00 2.584852138255516307e-03
4.000000000000000222e-01 2.200000000000000178e+00 2.583142253751103106e-03
4.000000000000000222e-01 2.250000000000000000e+00 2.574104446381928618e-03
4.000000000000000222e-01 2.299999999999999822e+00 2.682354562380074008e-03
4.000000000000000222e-01 2.350000000000000089e+00 2.785463152522510855e-03
4.000000000000000222e-01 2.399999999999999911e+00 2.834583883749307136e-03
4.000000000000000222e-01 2.450000000000000178e+00 2.855387813400245625e-03
4.000000000000000222e-01 2.500000000000000000e+00 2.973413936827409756e-03
4.000000000000000222e-01 2.549999999999999822e+00 3.090449214469083872e-03
4.000000000000000222e-01 2.600000000000000089e+00 3.114835068061332871e-03
4.000000000000000222e-01 2.649999999999999911e+00 3.143167721296621052e-03
4.000000000000000222e-01 2.700000000000000178e+00 3.199412357373380457e-03
4.000000000000000222e-01 2.750000000000000000e+00 3.225134772967775884e-03
4.000000000000000222e-01 2.799999999999999822e+00 3.291924762706160707e-03
4.000000000000000222e-01 2.850000000000000089e+00 3.348059046650541954e-03
4.000000000000000222e-01 2.899999999999999911e+00 3.586746644507934900e-03
4.000000000000000222e-01 2.950000000000000178e+00 3.924001191688575481e-03
4.000000000000000222e-01 3.000000000000000000e+00 4.421528745710883758e-03
4.000000000000000222e-01 3.049999999999999822e+00 4.863864900670426990e-03
4.000000000000000222e-01 3.100000000000000089e+00 5.173156336341909120e-03
4.000000000000000222e-01 3.149999999999999911e+00 5.145304007604185360e-03
4.000000000000000222e-01 3.200000000000000178e+00 4.683926923552143330e-03
4.000000000000000222e-01 3.250000000000000000e+00 4.094731429441765894e-03
4.000000000000000222e-01 3.299999999999999822e+00 3.354736472562517852e-03
4.000000000000000222e-01 3.350000000000000089e+00 2.862733435356669669e-03
4.000000000000000222e-01 3.399999999999999911e+00 2.360019386720547604e-03
4.000000000000000222e-01 3.450000000000000178e+00 1.919054125026094411e-03
4.000000000000000222e-01 3.500000000000000000e+00 1.593461502097142952e-03
4.000000000000000222e-01 3.549999999999999822e+00 1.405139418487527962e-03
4.000000000000000222e-01 3.600000000000000089e+00 1.239118603970710674e-03
4.000000000000000222e-01 3.649999999999999911e+00 9.178351298050616480e-04
4.000000000000000222e-01 3.700000000000000178e+00 1.061474288184343110e-03
4.000000000000000222e-01 3.750000000000000000e+00 9.538253837648562068e-04
4.000000000000000222e-01 3.799999999999999822e+00 8.602979497752295942e-04
4.000000000000000222e-01 3.850000000000000089e+00 7.828678474485616535e-04
4.000000000000000222e-01 3.899999999999999911e+00 7.161640383508384921e-04
4.000000000000000222e-01 3.950000000000000178e+00 6.701976178645509524e-04
4.000000000000000222e-01 4.000000000000000000e+00 0.000000000000000000e+00
6.999999999999999556e-01 5.000000000000000278e-02 5.471996172458983398e-07
6.999999999999999556e-01 1.000000000000000056e-01 5.562146614444540651e-07
6.999999999999999556e-01 1.499999999999999944e-01 5.661544871700848990e-07
6.999999999999999556e-01 2.000000000000000111e-01 5.775126768297512588e-07
6.999999999999999556e-01 2.500000000000000000e-01 5.897813371797088498e-07
6.999999999999999556e-01 2.999999999999999889e-01 6.026157106568137868e-07
6.999999999999999556e-01 3.499999999999999778e-01 6.161796963002426452e-07
6.999999999999999556e-01 4.000000000000000222e-01 6.304379680404182020e-07
6.999999999999999556e-01 4.500000000000000111e-01 6.472507394100716880e-07
6.999999999999999556e-01 5.000000000000000000e-01 6.697557887735077915e-07
6.999999999999999556e-01 5.500000000000000444e-01 6.912831941657181572e-07
6.999999999999999556e-01 5.999999999999999778e-01 7.129868686947129196e-07
6.999999999999999556e-01 6.500000000000000222e-01 7.369637756645935765e-07
6.999999999999999556e-01 6.999999999999999556e-01 7.645919675135878738e-07
6.999999999999999556e-01 7.500000000000000000e-01 7.982111439362408847e-07
6.999999999999999556e-01 8.000000000000000444e-01 8.396308855064255301e-07
6.999999999999999556e-01 8.499999999999999778e-01 8.967034906428272632e-07
6.999999999999999556e-01 9.000000000000000222e-01 9.829357797070364273e-07
6.999999999999999556e-01 9.499999999999999556e-01 1.134458754179684688e-06
6.999999999999999556e-01 1.000000000000000000e+00 1.501704615230323365e-06
6.999999999999999556e-01 1.050000000000000044e+00 2.701502103395791387e-06
6.999999999999999556e-01 1.100000000000000089e+00 1.069473290600427413e-05
6.999999999999999556e-01 1.149999999999999911e+00 3.581185023329068679e-04
6.999999999999999556e-01 1.199999999999999956e+00 5.474695603484391708e-04
6.999999999999999556e-01 1.250000000000000000e+00 8.200316678699550148e-04
6.999999999999999556e-01 1.300000000000000044e+00 1.146310586598215742e-03
6.999999999999999556e-01 1.350000000000000089e+00 1.482479251690213464e-03
6.999999999999999556e-01 1.399999999999999911e+00 1.912981877044215911e-03
6.999999999999999556e-01 1.449999999999999956e+00 2.762252859771042318e-03
6.999999999999999556e-01 1.500000000000000000e+00 4.280280220433630572e-03
6.999999999999999556e-01 1.550000000000000044e+00 6.265598916166717838e-03
6.999999999999999556e-01 1.600000000000000089e+00 1.032752978357256296e-02
6.999999999999999556e-01 1.649999999999999911e+00 1.849914553561364874e-02
6.999999999999999556e-01 1.699999999999999956e+00 3.622416757630596285e-02
6.999999999999999556e-01 1.750000000000000000e+00 6.325918953561453228e-02
6.999999999999999556e-01 1.800000000000000044e+00 1.943121375810997198e-01
6.999999999999999556e-01 1.850000000000000089e+00 5.925086299375122989e-01
6.999999999999999556e-01 1.899999999999999911e+00 1.000000000000000000e+00
6.999999999999999556e-01 1.949999999999999956e+00 7.448659174355340973e-01
6.999999999999999556e-01 2.000000000000000000e+00 2.751927758948503611e-01
6.999999999999999556e-01 2.049999999999999822e+00 1.323511071807730033e-01
6.999999999999999556e-01 2.100000000000000089e+00 6.875346564809338423e-02
6.999999999999999556e-01 2.149999999999999911e+00 3.639183651499822147e-02
6.999999999999999556e-01 2.200000000000000178e+00 2.454461176195428876e-02
6.999999999999999556e-01 2.250000000000000000e+00 1.680756791469390984e-02
6.999999999999999556e-01 2.299999999999999822e+00 1.228268781244105934e-02
6.999999999999999556e-01 2.350000000000000089e+00 1.019986251762433974e-02
6.999999999999999556e-01 2.399999999999999911e+00 8.947784413512779866e-03
6.999999999999999556e-01 2.450000000000000178e+00 7.873099377091285003e-03
6.999999999999999556e-01 2.500000000000000000e+00 6.831534681544844216e-03
6.999999999999999556e-01 2.549999999999999822e+00 6.182974843018581960e-03
6.999999999999999556e-01 2.600000000000000089e+00 5.781100812654256342e-03
6.999999999999999556e-01 2.649999999999999911e+00 5.198612369500351348e-03
6.999999999999999556e-01 2.700000000000000178e+00 4.893062345537476342e-03
6.999999999999999556e-01 2.750000000000000000e+00 4.696179717466289483e-03
6.999999999999999556e-01 2.799999999999999822e+00 4.185659927038061327e-03
6.999999999999999556e-01 2.850000000000000089e+00 3.836289557613865777e-03
6.999999999999999556e-01 2.899999999999999911e+00 3.840211574367639880e-03
6.999999999999999556e-01 2.950000000000000178e+00 3.723999682764775679e-03
6.999999999999999556e-01 3.000000000000000000e+00 3.602099817230372449e-03
6.999999999999999556e-01 3.049999999999999822e+00 3.716870657589626571e-03
6.999999999999999556e-01 3.100000000000000089e+00 4.065323188714041816e-03
6.999999999999999556e-01 3.149999999999999911e+00 4.573749656163657480e-03
6.999999999999999556e-01 3.200000000000000178e+00 5.145832005943875957e-03
6.999999999999999556e-01 3.250000000000000000e+00 5.447270888152246776e-03
6.999999999999999556e-01 3.299999999999999822e+00 4.662426632025626176e-03
6.999999999999999556e-01 3.350000000000000089e+00 2.712564297872031936e-03
6.999999999999999556e-01 3.399999999999999911e+00 9.353508115401739775e-04
6.999999999999999556e-01 3.450000000000000178e+00 5.696021547392927757e-04
6.999999999999999556e-01 3.500000000000000000e+00 6.396953729330629237e-04
6.999999999999999556e-01 3.549999999999999822e+00 6.701080852147850864e-04
6.999999999999999556e-01 3.600000000000000089e+00 6.240620459581030892e-04
6.999999999999999556e-01 3.649999999999999911e+00 4.878332020121789198e-04
6.999999999999999556e-01 3.700000000000000178e+00 3.375874548077471057e-04
6.999999999999999556e-01 3.750000000000000000e+00 3.936610224447106517e-04
6.999999999999999556e-01 3.799999999999999822e+00 4.554721995051838634e-04
6.999999999999999556e-01 3.850000000000000089e+00 5.180118290741005755e-04
6.999999999999999556e-01 3.899999999999999911e+00 5.662997244620279454e-04
6.999999999999999556e-01 3.950000000000000178e+00 5.775002444650859752e-04
6.999999999999999556e-01 4.000000000000000000e+00 0.000000000000000000e+00
8.000000000000000444e-01 5.000000000000000278e-02 2.967919863901918190e-07
8.000000000000000444e-01 1.000000000000000056e-01 3.025856801299642465e-07
8.000000000000000444e-01 1.499999999999999944e-01 3.085381471636874597e-07
8.000000000000000444e-01 2.000000000000000111e-01 3.146042310153018819e-07
8.000000000000000444e-01 2.500000000000000000e-01 3.210064969471135248e-07
8.000000000000000444e-01 2.999999999999999889e-01 3.274816216121523741e-07
8.000000000000000444e-01 3.499999999999999778e-01 3.343036209337053007e-07
8.000000000000000444e-01 4.000000000000000222e-01 3.413830865871378558e-07
8.000000000000000444e-01 4.500000000000000111e-01 3.484843135818390375e-07
8.000000000000000444e-01 5.000000000000000000e-01 3.559911559598048568e-07
8.000000000000000444e-01 5.500000000000000444e-01 3.636801458479792234e-07
8.000000000000000444e-01 5.999999999999999778e-01 3.717944942475599033e-07
8.000000000000000444e-01 6.500000000000000222e-01 3.800422969206145118e-07
8.000000000000000444e-01 6.999999999999999556e-01 3.888505738860221966e-07
8.000000000000000444e-01 7.500000000000000000e-01 3.981781793636990015e-07
8.000000000000000444e-01 8.000000000000000444e-01 4.082908471560058009e-07
8.000000000000000444e-01 8.499999999999999778e-01 4.190749800914461724e-07
8.000000000000000444e-01 9.000000000000000222e-01 4.308497136652595059e-07
8.000000000000000444e-01 9.499999999999999556e-01 4.437225773740641852e-07
8.000000000000000444e-01 1.000000000000000000e+00 4.579167131187958428e-07
8.000000000000000444e-01 1.050000000000000044e+00 4.743350727178965426e-07
8.000000000000000444e-01 1.100000000000000089e+00 4.953943326345225804e-07
8.000000000000000444e-01 1.149999999999999911e+00 5.244743773977751750e-07
8.000000000000000444e-01 1.199999999999999956e+00 5.725552739443297079e-07
8.000000000000000444e-01 1.250000000000000000e+00 6.772503328124396910e-07
8.000000000000000444e-01 1.300000000000000044e+00 1.043823021935860273e-06
8.000000000000000444e-01 1.350000000000000089e+00 3.810177624773725824e-05
8.000000000000000444e-01 1.399999999999999911e+00 2.063741848978880970e-04
8.000000000000000444e-01 1.449999999999999956e+00 2.511863764829609940e-04
8.000000000000000444e-01 1.500000000000000000e+00 3.018275800531263625e-04
8.000000000000000444e-01 1.550000000000000044e+00 4.485399455599434096e-04
8.000000000000000444e-01 1.600000000000000089e+00 6.740493021782168262e-04
8.000000000000000444e-01 1.649999999999999911e+00 9.791490459159629938e-04
8.000000000000000444e-01 1.699999999999999956e+00 1.423166582291897657e-03
8.000000000000000444e-01 1.750000000000000000e+00 2.216541209647226486e-03
8.000000000000000444e-01 1.800000000000000044e+00 3.413358565358641430e-03
8.000000000000000444e-01 1.850000000000000089e+00 5.988491047388628911e-03
8.000000000000000444e-01 1.899999999999999911e+00 1.250481175488760664e-02
8.000000000000000444e-01 1.949999999999999956e+00 2.872284146173137778e-02
8.000000000000000444e-01 2.000000000000000000e+00 6.737248527357374284e-02
8.000000000000000444e-01 2.049999999999999822e+00 3.903630512030439870e-01
8.000000000000000444e-01 2.100000000000000089e+00 1.000000000000000000e+00
8.000000000000000444e-01 2.149999999999999911e+00 6.935114566644300371e-01
8.000000000000000444e-01 2.200000000000000178e+00 2.429810966283543205e-01
8.000000000000000444e-01 2.250000000000000000e+00 9.336632126646704499e-02
8.000000000000000444e-01 2.299999999999999822e+00 4.634955550373164729e-02
8.000000000000000444e-01 2.350000000000000089e+00 3.023623047595611416e-02
8.000000000000000444e-01 2.399999999999999911e+00 1.960804249862977550e-02
8.000000000000000444e-01 2.450000000000000178e+00 1.545260464715215824e-02
8.000000000000000444e-01 2.500000000000000000e+00 1.271423713764125926e-02
8.000000000000000444e-01 2.549999999999999822e+00 1.040028572262761269e-02
8.000000000000000444e-01 2.600000000000000089e+00 8.064584908631987001e-03
8.000000000000000444e-01 2.649999999999999911e+00 5.618360856877761648e-03
8.000000000000000444e-01 2.700000000000000178e+00 4.133179442263099253e-03
8.000000000000000444e-01 2.750000000000000000e+00 3.313454468370655159e-03
8.000000000000000444e-01 2.799999999999999822e+00 2.774020897307059256e-03
8.000000000000000444e-01 2.850000000000000089e+00 2.221461041860408898e-03
8.000000000000000444e-01 2.899999999999999911e+00 1.867224496847054828e-03
8.000000000000000444e-01 2.950000000000000178e+00 1.613885768388390474e-03
8.000000000000000444e-01 3.000000000000000000e+00 1.419944786167465570e-03
8.000000000000000444e-01 3.049999999999999822e+00 1.280991777284832189e-03
8.000000000000000444e-01 3.100000000000000089e+00 1.170010018411350976e-03
8.000000000000000444e-01 3.149999999999999911e+00 1.069784252605939694e-03
8.000000000000000444e-01 3.200000000000000178e+00 9.029560235403242098e-04
8.000000000000000444e-01 3.250000000000000000e+00 7.457611568261362286e-04
8.000000000000000444e-01 3.299999999999999822e+00 8.093546829034924117e-04
8.000000000000000444e-01 3.350000000000000089e+00 1.050401653302395107e-03
8.000000000000000444e-01 3.399999999999999911e+00 3.724177781250322854e-04
8.000000000000000444e-01 3.450000000000000178e+00 1.999943875724714544e-04
8.000000000000000444e-01 3.500000000000000000e+00 1.790748414354261778e-04
8.000000000000000444e-01 3.549999999999999822e+00 1.631479960086532001e-04
8.000000000000000444e-01 3.600000000000000089e+00 9.157189713910773474e-05
8.000000000000000444e-01 3.649999999999999911e+00 7.604218132964712690e-05
8.000000000000000444e-01 3.700000000000000178e+00 8.345010113874198952e-05
8.000000000000000444e-01 3.750000000000000000e+00 1.035882749967611464e-04
8.000000000000000444e-01 3.799999999999999822e+00 1.371282334145339091e-04
8.000000000000000444e-01 3.850000000000000089e+00 1.848770012692840879e-04
8.000000000000000444e-01 3.899999999999999911e+00 2.481045391253296336e-04
8.000000000000000444e-01 3.950000000000000178e+00 2.862969405539836126e-04
8.000000000000000444e-01 4.000000000000000000e+00 0.000000000000000000e+00
2.999999999999999889e-01 5.000000000000000278e-02 1.930716630988330719e-06
2.999999999999999889e-01 1.000000000000000056e-01 1.932403114266700591e-06
2.999999999999999889e-01 1.499999999999999944e-01 1.969755787066153268e-06
2.999999999999999889e-01 2.000000000000000111e-01 2.276795142787062921e-06
2.999999999999999889e-01 2.500000000000000000e-01 3.102270190752551927e-06
2.999999999999999889e-01 2.999999999999999889e-01 1.071857237800365534e-04
2.999999999999999889e-01 3.499999999999999778e-01 2.547052655614540691e-03
2.999999999999999889e-01 4.000000000000000222e-01 3.295391123562617115e-03
2.999999999999999889e-01 4.500000000000000111e-01 5.333161656031780440e-03
2.999999999999999889e-01 5.000000000000000000e-01 6.908514576892524350e-03
2.999999999999999889e-01 5.500000000000000444e-01 9.282699692304399730e-03
2.999999999999999889e-01 5.999999999999999778e-01 1.259988709974190109e-02
2.999999999999999889e-01 6.500000000000000222e-01 1.746127089618247641e-02
2.999999999999999889e-01 6.999999999999999556e-01 2.627142507733927143e-02
2.999999999999999889e-01 7.500000000000000000e-01 4.579607117885395318e-02
2.999999999999999889e-01 8.000000000000000444e-01 7.129936045418377999e-02
2.999999999999999889e-01 8.499999999999999778e-01 1.584065064799361211e-01
2.999999999999999889e-01 9.000000000000000222e-01 4.475688119725750314e-01
2.999999999999999889e-01 9.499999999999999556e-01 1.000000000000000000e+00
2.999999999999999889e-01 1.000000000000000000e+00 6.658484940316455880e-01
2.999999999999999889e-01 1.050000000000000044e+00 1.442210168066246911e-01
2.999999999999999889e-01 1.100000000000000089e+00 3.176682343447713441e-02
2.999999999999999889e-01 1.149999999999999911e+00 1.276423743247394153e-02
2.999999999999999889e-01 1.199999999999999956e+00 7.415674680061366299e-03
2.999999999999999889e-01 1.250000000000000000e+00 5.458121108568616577e-03
2.999999999999999889e-01 1.300000000000000044e+00 4.052242949047764158e-03
2.999999999999999889e-01 1.350000000000000089e+00 2.918376116441764954e-03
2.999999999999999889e-01 1.399999999999999911e+00 2.382501819583260610e-03
2.999999999999999889e-01 1.449999999999999956e+00 2.145699597843702105e-03
2.999999999999999889e-01 1.500000000000000000e+00 1.945188149347815837e-03
2.999999999999999889e-01 1.550000000000000044e+00 1.858724247461510668e-03
2.999999999999999889e-01 1.600000000000000089e+00 1.815553405136451645e-03
2.999999999999999889e-01 1.649999999999999911e+00 1.833437879016119269e-03
2.999999999999999889e-01 1.699999999999999956e+00 1.857722607366436244e-03
2.999999999999999889e-01 1.750000000000000000e+00 1.802536073932418980e-03
2.999999999999999889e-01 1.800000000000000044e+00 1.739557643313907219e-03
2.999999999999999889e-01 1.850000000000000089e+00 1.776391387703883966e-03
2.999999999999999889e-01 1.899999999999999911e+00 1.832220555209172980e-03
2.999999999999999889e-01 1.949999999999999956e+00 1.904937487943117111e-03
2.999999999999999889e-01 2.000000000000000000e+00 1.969536287741755366e-03
2.999999999999999889e-01 2.049999999999999822e+00 2.004861743506592374e-03
2.999999999999999889e-01 2.100000000000000089e+00 2.040486782364361873e-03
2.999999999999999889e-01 2.149999999999999911e+00 2.129977210661844651e-03
2.999999999999999889e-01 2.200000000000000178e+00 2.234016023707153555e-03
2.999999999999999889e-01 2.250000000000000000e+00 2.285530667292370258e-03
2.999999999999999889e-01 2.299999999999999822e+00 2.333789038622341612e-03
2.999999999999999889e-01 2.350000000000000089e+00 2.391958970937262032e-03
2.999999999999999889e-01 2.399999999999999911e+00 2.443133876266190795e-03
2.999999999999999889e-01 2.450000000000000178e+00 2.502713347567182226e-03
2.999999999999999889e-01 2.500000000000000000e+00 2.545767548608451197e-03
2.999999999999999889e-01 2.549999999999999822e+00 2.587780796752874209e-03
2.999999999999999889e-01 2.600000000000000089e+00 2.626869363750319788e-03
2.999999999999999889e-01 2.649999999999999911e+00 2.693899014354831593e-03
2.999999999999999889e-01 2.700000000000000178e+00 2.716657957972008069e-03
2.999999999999999889e-01 2.750000000000000000e+00 2.766810853514931230e-03
2.999999999999999889e-01 2.799999999999999822e+00 2.782121039959231917e-03
2.999999999999999889e-01 2.850000000000000089e+00 2.940137309566449950e-03
2.999999999999999889e-01 2.899999999999999911e+00 3.238446752711209194e-03
2.999999999999999889e-01 2.950000000000000178e+00 3.414294682893717278e-03
2.999999999999999889e-01 3.000000000000000000e+00 3.555098523976269517e-03
2.999999999999999889e-01 3.049999999999999822e+00 3.585670995677732974e-03
2.999999999999999889e-01 3.100000000000000089e+00 3.431765832115713389e-03
2.999999999999999889e-01 3.149999999999999911e+00 3.122437524189404599e-03
2.999999999999999889e-01 3.200000000000000178e+00 2.627009191941057260e-03
2.999999999999999889e-01 3.250000000000000000e+00 2.180954262657906848e-03
2.999999999999999889e-01 3.299999999999999822e+00 1.781008709150582381e-03
2.999999999999999889e-01 3.350000000000000089e+00 1.513869540257287193e-03
2.999999999999999889e-01 3.399999999999999911e+00 1.442233161184891836e-03
2.999999999999999889e-01 3.450000000000000178e+00 1.353505370882519430e-03
2.999999999999999889e-01 3.500000000000000000e+00 1.266817382312771878e-03
2.999999999999999889e-01 3.549999999999999822e+00 1.179159653553996882e-03
2.999999999999999889e-01 3.600000000000000089e+00 1.106257473388342445e-03
2.999999999999999889e-01 3.649999999999999911e+00 1.032182584453668166e-03
2.999999999999999889e-01 3.700000000000000178e+00 9.444752876162133565e-04
2.999999999999999889e-01 3.750000000000000000e+00 8.300997172719758047e-04
2.999999999999999889e-01 3.799999999999999822e+00 7.700626523016768261e-04
2.999999999999999889e-01 3.850000000000000089e+00 7.137151159432601668e-04
2.999999999999999889e-01 3.899999999999999911e+00 6.580313683806714555e-04
2.999999999999999889e-01 3.950000000000000178e+00 6.058529753277909014e-04
2.999999999999999889e-01 4.000000000000000000e+00 0.000000000000000000e+00
0.000000000000000000e+00 5.000000000000000278e-02 1.000000000000000000e+00
0.000000000000000000e+00 1.000000000000000056e-01 9.769038538801320115e-01
0.000000000000000000e+00 1.499999999999999944e-01 4.540081034620379596e-01
0.000000000000000000e+00 2.000000000000000111e-01 2.283609558073832202e-01
0.000000000000000000e+00 2.500000000000000000e-01 1.456400796994068714e-01
0.000000000000000000e+00 2.999999999999999889e-01 9.444525764008357416e-02
0.000000000000000000e+00 3.499999999999999778e-01 7.364623990439278511e-02
0.000000000000000000e+00 4.000000000000000222e-01 6.084783966978740688e-02
0.000000000000000000e+00 4.500000000000000111e-01 4.991873741488889182e-02
0.000000000000000000e+00 5.000000000000000000e-01 4.252297532940791519e-02
0.000000000000000000e+00 5.500000000000000444e-01 3.678378047118647381e-02
0.000000000000000000e+00 5.999999999999999778e-01 3.268781579390774017e-02
0.000000000000000000e+00 6.500000000000000222e-01 2.985707793733849771e-02
0.000000000000000000e+00 6.999999999999999556e-01 2.748829505976728427e-02
0.000000000000000000e+00 7.500000000000000000e-01 2.548584381179130540e-02
0.000000000000000000e+00 8.000000000000000444e-01 2.347773215571073713e-02
0.000000000000000000e+00 8.499999999999999778e-01 2.259926168403996946e-02
0.000000000000000000e+00 9.000000000000000222e-01 2.185831873302993000e-02
0.000000000000000000e+00 9.499999999999999556e-01 2.185624613358103444e-02
0.000000000000000000e+00 1.000000000000000000e+00 2.248510643230456491e-02
0.000000000000000000e+00 1.050000000000000044e+00 2.295189157043013226e-02
0.000000000000000000e+00 1.100000000000000089e+00 2.416900735594461336e-02
0.000000000000000000e+00 1.149999999999999911e+00 2.523047358043825281e-02
0.000000000000000000e+00 1.199999999999999956e+00 2.592352761223932003e-02
0.000000000000000000e+00 1.250000000000000000e+00 2.636421865477715440e-02
0.000000000000000000e+00 1.300000000000000044e+00 2.725074585708250896e-02
0.000000000000000000e+00 1.350000000000000089e+00 2.749652457140550066e-02
0.000000000000000000e+00 1.399999999999999911e+00 2.766313274916382126e-02
0.000000000000000000e+00 1.449999999999999956e+00 2.867964443460424562e-02
0.000000000000000000e+00 1.500000000000000000e+00 3.048252969937318563e-02
0.000000000000000000e+00 1.550000000000000044e+00 3.385144559263888325e-02
0.000000000000000000e+00 1.600000000000000089e+00 3.782033706203776630e-02
0.000000000000000000e+00 1.649999999999999911e+00 4.117756141594430819e-02
0.000000000000000000e+00 1.699999999999999956e+00 4.416009618987425112e-02
0.000000000000000000e+00 1.750000000000000000e+00 4.847825575708770290e-02
0.000000000000000000e+00 1.800000000000000044e+00 5.189629981907932510e-02
0.000000000000000000e+00 1.850000000000000089e+00 5.087550266907142626e-02
0.000000000000000000e+00 1.899999999999999911e+00 5.140877397664399967e-02
0.000000000000000000e+00 1.949999999999999956e+00 5.267857712957590283e-02
0.000000000000000000e+00 2.000000000000000000e+00 5.699731006134875488e-02
0.000000000000000000e+00 2.049999999999999822e+00 5.968244819556116354e-02
0.000000000000000000e+00 2.100000000000000089e+00 6.101863262492370626e-02
0.000000000000000000e+00 2.149999999999999911e+00 6.215091302411763358e-02
0.000000000000000000e+00 2.200000000000000178e+00 6.382019455478568637e-02
0.000000000000000000e+00 2.250000000000000000e+00 6.555306263512400422e-02
0.000000000000000000e+00 2.299999999999999822e+00 6.776794811078587499e-02
0.000000000000000000e+00 2.350000000000000089e+00 6.984639846935827845e-02
0.000000000000000000e+00 2.399999999999999911e+00 7.156155886066879745e-02
0.000000000000000000e+00 2.450000000000000178e+00 7.281030175825962958e-02
0.000000000000000000e+00 2.500000000000000000e+00 7.472622691708211140e-02
0.000000000000000000e+00 2.549999999999999822e+00 7.631604758513529929e-02
0.000000000000000000e+00 2.600000000000000089e+00 7.610616320475709073e-02
0.000000000000000000e+00 2.649999999999999911e+00 7.384723824150872529e-02
0.000000000000000000e+00 2.700000000000000178e+00 7.262241461278258481e-02
0.000000000000000000e+00 2.750000000000000000e+00 7.047685998233317595e-02
0.000000000000000000e+00 2.799999999999999822e+00 6.828421116136014490e-02
0.000000000000000000e+00 2.850000000000000089e+00 6.598835101759112365e-02
0.000000000000000000e+00 2.899999999999999911e+00 6.175296822897610727e-02
0.000000000000000000e+00 2.950000000000000178e+00 5.693171294274131794e-02
0.000000000000000000e+00 3.000000000000000000e+00 5.186895559797779359e-02
0.000000000000000000e+00 3.049999999999999822e+00 4.770935910587324053e-02
0.000000000000000000e+00 3.100000000000000089e+00 4.444620129953517212e-02
0.000000000000000000e+00 3.149999999999999911e+00 4.168850834415836065e-02
0.000000000000000000e+00 3.200000000000000178e+00 3.967907545662198443e-02
0.000000000000000000e+00 3.250000000000000000e+00 3.760455560145768011e-02
0.000000000000000000e+00 3.299999999999999822e+00 3.576546817769213349e-02
0.000000000000000000e+00 3.350000000000000089e+00 3.421375146000232154e-02
0.000000000000000000e+00 3.399999999999999911e+00 3.285144270797048238e-02
0.000000000000000000e+00 3.450000000000000178e+00 3.158793773428000135e-02
0.000000000000000000e+00 3.500000000000000000e+00 3.053390760324159112e-02
0.000000000000000000e+00 3.549999999999999822e+00 2.955837153570566381e-02
0.000000000000000000e+00 3.600000000000000089e+00 2.834365164209001059e-02
0.000000000000000000e+00 3.649999999999999911e+00 2.698310648970041539e-02
0.000000000000000000e+00 3.700000000000000178e+00 2.525302419512327409e-02
0.000000000000000000e+00 3.750000000000000000e+00 2.358992697680515130e-02
0.000000000000000000e+00 3.799999999999999822e+00 2.205067846210692975e-02
0.000000000000000000e+00 3.850000000000000089e+00 2.052158715484117546e-02
0.000000000000000000e+00 3.899999999999999911e+00 1.888509350023579239e-02
0.000000000000000000e+00 3.950000000000000178e+00 1.712853843750435437e-02
0.000000000000000000e+00 4.000000000000000000e+00 0.000000000000000000e+00
2.000000000000000111e-01 5.000000000000000278e-02 1.104776457071400593e-05
2.000000000000000111e-01 1.000000000000000056e-01 1.290790545534093383e-05
2.000000000000000111e-01 1.499999999999999944e-01 1.530255108894748800e-03
2.000000000000000111e-01 2.000000000000000111e-01 3.605146185378008562e-03
2.000000000000000111e-01 2.500000000000000000e-01 5.623376906050850908e-03
2.000000000000000111e-01 2.999999999999999889e-01 1.339344236246398437e-02
2.000000000000000111e-01 3.499999999999999778e-01 1.985026870696024806e-02
2.000000000000000111e-01 4.000000000000000222e-01 2.601884697789600201e-02
2.000000000000000111e-01 4.500000000000000111e-01 3.323699155005532119e-02
2.000000000000000111e-01 5.000000000000000000e-01 5.203978536603156430e-02
2.000000000000000111e-01 5.500000000000000444e-01 9.948794112204380202e-02
2.000000000000000111e-01 5.999999999999999778e-01 3.315315128193442873e-01
2.000000000000000111e-01 6.500000000000000222e-01 1.000000000000000000e+00
2.000000000000000111e-01 6.999999999999999556e-01 6.894492959973101964e-01
2.000000000000000111e-01 7.500000000000000000e-01 1.179010000709433403e-01
2.000000000000000111e-01 8.000000000000000444e-01 2.435186497308643866e-02
2.000000000000000111e-01 8.499999999999999778e-01 9.457797383041170389e-03
2.000000000000000111e-01 9.000000000000000222e-01 5.148986312155983715e-03
2.000000000000000111e-01 9.499999999999999556e-01 3.498337227879173231e-03
2.000000000000000111e-01 1.000000000000000000e+00 2.681587733881662071e-03
2.000000000000000111e-01 1.050000000000000044e+00 2.173318536816149296e-03
2.000000000000000111e-01 1.100000000000000089e+00 1.788697056500348137e-03
2.000000000000000111e-01 1.149999999999999911e+00 1.540546777926896137e-03
2.000000000000000111e-01 1.199999999999999956e+00 1.336299476313964609e-03
2.000000000000000111e-01 1.250000000000000000e+00 1.189388216548203188e-03
2.000000000000000111e-01 1.300000000000000044e+00 1.105199669269310613e-03
2.000000000000000111e-01 1.350000000000000089e+00 1.008368255904918071e-03
2.000000000000000111e-01 1.399999999999999911e+00 9.394007021629935048e-04
2.000000000000000111e-01 1.449999999999999956e+00 8.980748004021852932e-04
2.000000000000000111e-01 1.500000000000000000e+00 9.893836416148219653e-04
2.000000000000000111e-01 1.550000000000000044e+00 1.083603197926659694e-03
2.000000000000000111e-01 1.600000000000000089e+00 1.190702819846773232e-03
2.000000000000000111e-01 1.649999999999999911e+00 1.323624834584608478e-03
2.000000000000000111e-01 1.699999999999999956e+00 1.450000831897086274e-03
2.000000000000000111e-01 1.750000000000000000e+00 1.569427716813645741e-03
2.000000000000000111e-01 1.800000000000000044e+00 1.582766590032661609e-03
2.000000000000000111e-01 1.850000000000000089e+00 1.631031631532041306e-03
2.000000000000000111e-01 1.899999999999999911e+00 1.747100406902691357e-03
2.000000000000000111e-01 1.949999999999999956e+00 1.824630057580070314e-03
2.000000000000000111e-01 2.000000000000000000e+00 1.844969716244784308e-03
2.000000000000000111e-01 2.049999999999999822e+00 1.849429099346562751e-03
2.000000000000000111e-01 2.100000000000000089e+00 1.877783513876267549e-03
2.000000000000000111e-01 2.149999999999999911e+00 1.915155817821797462e-03
2.000000000000000111e-01 2.200000000000000178e+00 1.952182133583184884e-03
2.000000000000000111e-01 2.250000000000000000e+00 1.979086184983301373e-03
2.000000000000000111e-01 2.299999999999999822e+00 2.015552938598741579e-03
2.000000000000000111e-01 2.350000000000000089e+00 2.053399359654396131e-03
2.000000000000000111e-01 2.399999999999999911e+00 2.126351165484994914e-03
2.000000000000000111e-01 2.450000000000000178e+00 2.216016193811250808e-03
2.000000000000000111e-01 2.500000000000000000e+00 2.304969959431617949e-03
2.000000000000000111e-01 2.549999999999999822e+00 2.397795437998502359e-03
2.000000000000000111e-01 2.600000000000000089e+00 2.450430119474003143e-03
2.000000000000000111e-01 2.649999999999999911e+00 2.522974086559456527e-03
2.000000000000000111e-01 2.700000000000000178e+00 2.564645510865426296e-03
2.000000000000000111e-01 2.750000000000000000e+00 2.529996166824924168e-03
2.000000000000000111e-01 2.799999999999999822e+00 2.484778206450606597e-03
2.000000000000000111e-01 2.850000000000000089e+00 2.551700922285635945e-03
2.000000000000000111e-01 2.899999999999999911e+00 2.586534016455877168e-03
2.000000000000000111e-01 2.950000000000000178e+00 2.556824796850037419e-03
2.000000000000000111e-01 3.000000000000000000e+00 2.405910514412038393e-03
2.000000000000000111e-01 3.049999999999999822e+00 2.188455824986003297e-03
2.000000000000000111e-01 3.100000000000000089e+00 1.887921441832297398e-03
2.000000000000000111e-01 3.149999999999999911e+00 1.606219390513933132e-03
2.000000000000000111e-01 3.200000000000000178e+00 1.438451607391162419e-03
2.000000000000000111e-01 3.250000000000000000e+00 1.266771085805814146e-03
2.000000000000000111e-01 3.299999999999999822e+00 1.110805589185031575e-03
2.000000000000000111e-01 3.350000000000000089e+00 1.000038839478756009e-03
2.000000000000000111e-01 3.399999999999999911e+00 9.300737618557576364e-04
2.000000000000000111e-01 3.450000000000000178e+00 8.803516301683099237e-04
2.000000000000000111e-01 3.500000000000000000e+00 8.474811590516289359e-04
2.000000000000000111e-01 3.549999999999999822e+00 8.082972434363579076e-04
2.000000000000000111e-01 3.600000000000000089e+00 7.596513819432740679e-04
2.000000000000000111e-01 3.649999999999999911e+00 6.977371773954428764e-04
2.000000000000000111e-01 3.700000000000000178e+00 6.348034240650873806e-04
2.000000000000000111e-01 3.750000000000000000e+00 5.614624195429038754e-04
2.000000000000000111e-01 3.799999999999999822e+00 5.034902166559731022e-04
2.000000000000000111e-01 3.850000000000000089e+00 4.878072036347268518e-04
2.000000000000000111e-01 3.899999999999999911e+00 4.597322106304264802e-04
2.000000000000000111e-01 3.950000000000000178e+00 4.789072481211923619e-04
2.000000000000000111e-01 4.000000000000000000e+00 0.000000000000000000e+00
